1_GisToSWMM/GisToSWMM_input/demnull.asc
ncols         514
nrows         646
xllcorner     12709706.8597
yllcorner     2548870.9827
cellsize      2.5
NODATA_value  0
[rows 290 to 347 of 646, columns 0 to 95 of 514]
0 0 0 0 0 0 0 0 0 0 0 0 0 0 0 0 0 0 0 0 0 0 23 23 23 21 21 16 16 14 14 13 13 9 9 9 9 10 10 10 10 10 10 10 10 10 10 10 10 10 10 9 9 9 9 9 9 9 9 9 9 9 9 9 9 9 9 9 9 9 9 9 9 9 9 9 9 9 9 9 9 9 9 9 9 9 9 9 9 9 9 10 10 11 11 11
0 0 0 0 0 0 0 0 0 0 0 0 0 0 0 0 0 0 0 0 0 0 23 23 23 21 21 16 16 14 14 13 13 9 9 9 9 10 10 10 10 10 10 10 10 10 10 10 10 10 10 9 9 9 9 9 9 9 9 9 9 9 9 9 9 9 9 9 9 9 9 9 9 9 9 9 9 9 9 9 9 9 9 9 9 9 9 9 9 9 9 10 10 11 11 11
0 0 0 0 0 0 0 0 0 0 0 0 0 0 0 0 0 0 0 0 0 0 0 0 23 22 22 18 18 16 16 12 12 9 9 9 9 10 10 10 10 10 10 10 10 9 9 9 9 9 9 9 9 9 9 9 9 9 9 9 9 9 9 9 9 9 9 9 9 9 9 9 9 9 9 9 9 9 9 9 9 9 9 9 9 9 9 9 9 10 10 11 11 11 11 11
0 0 0 0 0 0 0 0 0 0 0 0 0 0 0 0 0 0 0 0 0 0 0 0 23 22 22 18 18 16 16 12 12 9 9 9 9 10 10 10 10 10 10 10 10 9 9 9 9 9 9 9 9 9 9 9 9 9 9 9 9 9 9 9 9 9 9 9 9 9 9 9 9 9 9 9 9 9 9 9 9 9 9 9 9 9 9 9 9 10 10 11 11 11 11 11
0 0 0 0 0 0 0 0 0 0 0 0 0 0 0 0 0 0 0 0 0 0 0 0 24 23 23 20 20 16 16 11 11 9 9 9 9 9 9 9 9 9 9 9 9 9 9 9 9 9 9 9 9 9 9 9 9 9 9 9 9 9 9 9 9 9 9 9 9 9 9 9 9 9 9 9 9 9 9 9 9 9 9 9 9 9 9 10 10 11 11 11 11 11 11 11
0 0 0 0 0 0 0 0 0 0 0 0 0 0 0 0 0 0 0 0 0 0 0 0 24 23 23 20 20 16 16 11 11 9 9 9 9 9 9 9 9 9 9 9 9 9 9 9 9 9 9 9 9 9 9 9 9 9 9 9 9 9 9 9 9 9 9 9 9 9 9 9 9 9 9 9 9 9 9 9 9 9 9 9 9 9 9 10 10 11 11 11 11 11 11 11
0 0 0 0 0 0 0 0 0 0 0 0 0 0 0 0 0 0 22 22 22 23 23 24 24 23 23 21 21 16 16 10 10 9 9 9 9 9 9 9 9 9 9 9 9 9 9 9 9 9 9 9 9 9 9 9 9 9 9 9 9 9 9 9 9 9 9 9 9 9 9 9 9 9 9 9 9 9 9 9 9 9 9 9 9 9 9 11 11 11 11 11 11 11 11 11
0 0 0 0 0 0 0 0 0 0 0 0 0 0 0 0 0 0 22 22 22 23 23 24 24 23 23 21 21 16 16 10 10 9 9 9 9 9 9 9 9 9 9 9 9 9 9 9 9 9 9 9 9 9 9 9 9 9 9 9 9 9 9 9 9 9 9 9 9 9 9 9 9 9 9 9 9 9 9 9 9 9 9 9 9 9 9 11 11 11 11 11 11 11 11 11
0 0 0 0 0 0 0 0 0 0 0 0 0 0 0 0 19 20 20 20 20 21 21 23 23 24 24 22 22 18 18 11 11 9 9 9 9 9 9 9 9 9 9 9 9 9 9 9 9 9 9 9 9 9 9 9 9 9 9 9 9 9 9 9 9 9 9 9 9 9 9 9 9 9 9 9 9 9 9 9 9 9 9 9 9 10 10 11 11 11 11 11 11 11 11 11
0 0 0 0 0 0 0 0 0 0 0 0 0 0 0 0 19 20 20 20 20 21 21 23 23 24 24 22 22 18 18 11 11 9 9 9 9 9 9 9 9 9 9 9 9 9 9 9 9 9 9 9 9 9 9 9 9 9 9 9 9 9 9 9 9 9 9 9 9 9 9 9 9 9 9 9 9 9 9 9 9 9 9 9 9 10 10 11 11 11 11 11 11 11 11 11
0 0 0 0 0 0 0 0 0 0 0 0 0 0 15 18 18 18 18 18 18 18 18 20 20 23 23 23 23 20 20 14 14 10 10 9 9 9 9 9 9 9 9 9 9 9 9 9 9 9 9 9 9 9 9 9 9 9 9 9 9 9 9 9 9 9 9 9 9 9 9 9 9 9 9 9 9 9 9 9 9 10 10 10 10 11 11 11 11 11 11 11 11 11 11 11
0 0 0 0 0 0 0 0 0 0 0 0 0 0 15 18 18 18 18 18 18 18 18 20 20 23 23 23 23 20 20 14 14 10 10 9 9 9 9 9 9 9 9 9 9 9 9 9 9 9 9 9 9 9 9 9 9 9 9 9 9 9 9 9 9 9 9 9 9 9 9 9 9 9 9 9 9 9 9 9 9 10 10 10 10 11 11 11 11 11 11 11 11 11 11 11
0 0 0 0 0 0 0 0 0 0 0 0 0 0 13 17 17 18 18 18 18 17 17 17 17 21 21 23 23 22 22 16 16 12 12 10 10 9 9 9 9 9 9 9 9 9 9 9 9 9 9 9 9 9 9 9 9 9 9 9 9 9 9 9 9 9 9 9 9 9 9 9 9 9 9 9 9 9 9 10 10 11 11 11 11 11 11 11 11 11 11 11 11 11 11 11
0 0 0 0 0 0 0 0 0 0 0 0 0 0 13 17 17 18 18 18 18 17 17 17 17 21 21 23 23 22 22 16 16 12 12 10 10 9 9 9 9 9 9 9 9 9 9 9 9 9 9 9 9 9 9 9 9 9 9 9 9 9 9 9 9 9 9 9 9 9 9 9 9 9 9 9 9 9 9 10 10 11 11 11 11 11 11 11 11 11 11 11 11 11 11 11
0 0 0 0 0 0 0 0 7 7 7 7 7 9 9 15 15 17 17 17 17 18 18 17 17 18 18 22 22 23 23 18 18 13 13 10 10 9 9 9 9 9 9 9 9 9 9 9 9 9 9 9 9 9 9 9 9 9 9 9 9 9 9 9 9 9 9 9 9 9 9 9 9 9 9 9 9 10 10 11 11 11 11 11 11 11 11 11 11 11 11 11 11 11 11 11
0 0 0 0 0 0 0 0 7 7 7 7 7 9 9 15 15 17 17 17 17 18 18 17 17 18 18 22 22 23 23 18 18 13 13 10 10 9 9 9 9 9 9 9 9 9 9 9 9 9 9 9 9 9 9 9 9 9 9 9 9 9 9 9 9 9 9 9 9 9 9 9 9 9 9 9 9 10 10 11 11 11 11 11 11 11 11 11 11 11 11 11 11 11 11 11
0 0 0 0 8 8 8 7 7 7 7 7 7 8 8 12 12 15 15 15 15 17 17 17 17 17 17 21 21 23 23 21 21 14 14 11 11 9 9 9 9 9 9 9 9 9 9 9 9 9 9 9 9 9 9 9 9 9 9 9 9 9 9 9 9 9 9 9 9 9 9 9 9 9 9 9 9 10 10 11 11 11 11 11 11 11 11 11 11 11 11 11 11 11 11 11
0 0 0 0 8 8 8 7 7 7 7 7 7 8 8 12 12 15 15 15 15 17 17 17 17 17 17 21 21 23 23 21 21 14 14 11 11 9 9 9 9 9 9 9 9 9 9 9 9 9 9 9 9 9 9 9 9 9 9 9 9 9 9 9 9 9 9 9 9 9 9 9 9 9 9 9 9 10 10 11 11 11 11 11 11 11 11 11 11 11 11 11 11 11 11 11
0 0 0 0 8 8 8 7 7 7 7 7 7 7 7 8 8 12 12 12 12 16 16 17 17 17 17 19 19 23 23 22 22 17 17 12 12 10 10 9 9 9 9 9 9 9 9 9 9 9 9 9 9 9 9 9 9 9 9 9 9 9 9 9 9 9 9 9 9 9 9 9 9 9 9 10 10 11 11 11 11 11 11 11 11 11 11 11 11 11 11 11 11 11 11 11
0 0 0 0 8 8 8 7 7 7 7 7 7 7 7 8 8 12 12 12 12 16 16 17 17 17 17 19 19 23 23 22 22 17 17 12 12 10 10 9 9 9 9 9 9 9 9 9 9 9 9 9 9 9 9 9 9 9 9 9 9 9 9 9 9 9 9 9 9 9 9 9 9 9 9 10 10 11 11 11 11 11 11 11 11 11 11 11 11 11 11 11 11 11 11 11
0 0 8 8 8 8 8 7 7 7 7 7 7 7 7 8 8 12 12 12 12 16 16 17 17 17 17 19 19 23 23 22 22 17 17 12 12 10 10 9 9 9 9 9 9 9 9 9 9 9 9 9 9 9 9 9 9 9 9 9 9 9 9 9 9 9 9 9 9 9 9 9 9 9 9 10 10 11 11 11 11 11 11 11 11 11 11 11 11 11 11 11 11 11 11 11
0 0 8 8 8 8 8 7 7 7 7 7 7 7 7 8 8 12 12 12 12 16 16 17 17 17 17 19 19 23 23 22 22 17 17 12 12 10 10 9 9 9 9 9 9 9 9 9 9 9 9 9 9 9 9 9 9 9 9 9 9 9 9 9 9 9 9 9 9 9 9 9 9 9 9 10 10 11 11 11 11 11 11 11 11 11 11 11 11 11 11 11 11 11 11 11
8 8 8 8 8 7 7 7 7 7 7 7 7 7 7 7 7 12 12 12 12 17 17 17 17 17 17 17 17 22 22 23 23 19 19 15 15 13 13 9 9 9 9 9 9 9 9 9 9 9 9 9 9 9 9 9 9 9 9 9 9 9 9 9 9 9 9 9 9 9 9 9 9 9 9 11 11 12 12 11 11 11 11 11 11 11 11 11 11 11 11 11 11 11 11 12
8 8 8 8 8 7 7 7 7 7 7 7 7 7 7 7 7 12 12 12 12 17 17 17 17 17 17 17 17 22 22 23 23 19 19 15 15 13 13 9 9 9 9 9 9 9 9 9 9 9 9 9 9 9 9 9 9 9 9 9 9 9 9 9 9 9 9 9 9 9 9 9 9 9 9 11 11 12 12 11 11 11 11 11 11 11 11 11 11 11 11 11 11 11 11 12
8 8 8 7 7 7 7 7 7 7 7 7 7 7 7 7 7 12 12 12 12 17 17 17 17 17 17 17 17 21 21 23 23 21 21 17 17 14 14 10 10 9 9 9 9 9 9 9 9 9 9 9 9 9 9 9 9 9 9 9 9 9 9 9 9 9 9 9 9 9 9 10 10 10 10 12 12 13 13 12 12 11 11 11 11 11 11 11 11 11 11 11 11 11 11 12
8 8 8 7 7 7 7 7 7 7 7 7 7 7 7 7 7 12 12 12 12 17 17 17 17 17 17 17 17 21 21 23 23 21 21 17 17 14 14 10 10 9 9 9 9 9 9 9 9 9 9 9 9 9 9 9 9 9 9 9 9 9 9 9 9 9 9 9 9 9 9 10 10 10 10 12 12 13 13 12 12 11 11 11 11 11 11 11 11 11 11 11 11 11 11 12
8 8 8 7 7 7 7 7 7 7 7 7 7 7 7 7 7 10 10 10 10 16 16 17 17 18 18 17 17 19 19 23 23 23 23 18 18 13 13 10 10 9 9 9 9 9 9 9 9 9 9 9 9 9 9 9 9 9 9 9 9 9 9 9 9 9 9 9 9 9 9 11 11 11 11 13 13 13 13 13 13 12 12 12 12 11 11 11 11 11 11 11 11 12 12 13
8 8 8 7 7 7 7 7 7 7 7 7 7 7 7 7 7 10 10 10 10 16 16 17 17 18 18 17 17 19 19 23 23 23 23 18 18 13 13 10 10 9 9 9 9 9 9 9 9 9 9 9 9 9 9 9 9 9 9 9 9 9 9 9 9 9 9 9 9 9 9 11 11 11 11 13 13 13 13 13 13 12 12 12 12 11 11 11 11 11 11 11 11 12 12 13
0 0 0 0 7 7 7 7 7 7 7 7 7 7 7 7 7 8 8 8 8 13 13 17 17 18 18 18 18 18 18 22 22 23 23 21 21 15 15 13 13 11 11 9 9 9 9 9 9 9 9 9 9 9 9 9 9 9 9 9 9 9 9 9 9 9 9 9 9 10 10 12 12 12 12 13 13 13 13 13 13 13 13 12 12 12 12 11 11 11 11 12 12 12 12 13
0 0 0 0 7 7 7 7 7 7 7 7 7 7 7 7 7 8 8 8 8 13 13 17 17 18 18 18 18 18 18 22 22 23 23 21 21 15 15 13 13 11 11 9 9 9 9 9 9 9 9 9 9 9 9 9 9 9 9 9 9 9 9 9 9 9 9 9 9 10 10 12 12 12 12 13 13 13 13 13 13 13 13 12 12 12 12 11 11 11 11 12 12 12 12 13
0 0 0 0 0 0 7 7 7 7 7 7 7 7 7 7 7 7 7 7 7 10 10 15 15 18 18 19 19 18 18 20 20 23 23 22 22 19 19 19 19 17 17 12 12 9 9 9 9 9 9 9 9 9 9 9 9 9 9 9 9 9 9 9 9 9 9 9 9 11 11 13 13 13 13 13 13 13 13 13 13 13 13 13 13 12 12 12 12 12 12 12 12 13 13 13
0 0 0 0 0 0 7 7 7 7 7 7 7 7 7 7 7 7 7 7 7 10 10 15 15 18 18 19 19 18 18 20 20 23 23 22 22 19 19 19 19 17 17 12 12 9 9 9 9 9 9 9 9 9 9 9 9 9 9 9 9 9 9 9 9 9 9 9 9 11 11 13 13 13 13 13 13 13 13 13 13 13 13 13 13 12 12 12 12 12 12 12 12 13 13 13
0 0 0 0 0 0 0 0 7 7 7 7 7 7 7 7 7 7 7 7 7 8 8 13 13 18 18 20 20 18 18 18 18 23 23 23 23 21 21 20 20 18 18 13 13 9 9 9 9 9 9 9 9 9 9 9 9 9 9 9 9 9 9 9 9 9 9 10 10 12 12 13 13 13 13 13 13 13 13 13 13 13 13 13 13 13 13 13 13 13 13 13 13 13 13 14
0 0 0 0 0 0 0 0 7 7 7 7 7 7 7 7 7 7 7 7 7 8 8 13 13 18 18 20 20 18 18 18 18 23 23 23 23 21 21 20 20 18 18 13 13 9 9 9 9 9 9 9 9 9 9 9 9 9 9 9 9 9 9 9 9 9 9 10 10 12 12 13 13 13 13 13 13 13 13 13 13 13 13 13 13 13 13 13 13 13 13 13 13 13 13 14
0 0 0 0 0 0 0 0 0 0 7 7 7 7 7 7 7 7 7 7 7 7 7 10 10 19 19 23 23 23 23 19 19 23 23 23 23 22 22 19 19 14 14 9 9 9 9 9 9 9 9 9 9 9 9 9 9 9 9 9 9 9 9 9 9 9 9 10 10 13 13 13 13 13 13 13 13 13 13 13 13 13 13 13 13 13 13 13 13 13 13 13 13 14 14 19
0 0 0 0 0 0 0 0 0 0 7 7 7 7 7 7 7 7 7 7 7 7 7 10 10 19 19 23 23 23 23 19 19 23 23 23 23 22 22 19 19 14 14 9 9 9 9 9 9 9 9 9 9 9 9 9 9 9 9 9 9 9 9 9 9 9 9 10 10 13 13 13 13 13 13 13 13 13 13 13 13 13 13 13 13 13 13 13 13 13 13 13 13 14 14 19
0 0 0 0 0 0 0 0 0 0 0 0 7 7 7 7 7 7 7 7 7 7 7 8 8 20 20 27 27 27 27 24 24 23 23 23 23 23 23 18 18 11 11 9 9 9 9 9 9 9 9 9 9 9 9 9 9 9 9 9 9 9 9 9 9 9 9 10 10 13 13 13 13 13 13 13 13 13 13 13 13 13 13 13 13 13 13 13 13 13 13 15 15 18 18 25
0 0 0 0 0 0 0 0 0 0 0 0 7 7 7 7 7 7 7 7 7 7 7 8 8 20 20 27 27 27 27 24 24 23 23 23 23 23 23 18 18 11 11 9 9 9 9 9 9 9 9 9 9 9 9 9 9 9 9 9 9 9 9 9 9 9 9 10 10 13 13 13 13 13 13 13 13 13 13 13 13 13 13 13 13 13 13 13 13 13 13 15 15 18 18 25
0 0 0 0 0 0 0 0 0 0 0 0 7 7 7 7 7 7 7 7 7 7 7 8 8 19 19 27 27 29 29 26 26 21 21 23 23 23 23 20 20 13 13 9 9 9 9 9 9 9 9 9 9 9 9 9 9 9 9 9 9 9 9 9 9 9 9 9 9 12 12 13 13 13 13 13 13 13 13 13 13 13 13 13 13 13 13 13 13 13 13 17 17 22 22 29
0 0 0 0 0 0 0 0 0 0 0 0 7 7 7 7 7 7 7 7 7 7 7 8 8 19 19 27 27 29 29 26 26 21 21 23 23 23 23 20 20 13 13 9 9 9 9 9 9 9 9 9 9 9 9 9 9 9 9 9 9 9 9 9 9 9 9 9 9 12 12 13 13 13 13 13 13 13 13 13 13 13 13 13 13 13 13 13 13 13 13 17 17 22 22 29
0 0 0 0 0 0 0 0 0 0 0 0 0 0 7 7 7 7 7 7 7 7 7 7 7 14 14 25 25 28 28 25 25 19 19 21 21 23 23 22 22 17 17 11 11 9 9 9 9 9 9 9 9 9 9 9 9 9 9 9 9 9 9 9 9 9 9 9 9 11 11 13 13 13 13 13 13 13 13 13 13 13 13 13 13 13 13 13 13 14 14 19 19 26 26 32
0 0 0 0 0 0 0 0 0 0 0 0 0 0 7 7 7 7 7 7 7 7 7 7 7 14 14 25 25 28 28 25 25 19 19 21 21 23 23 22 22 17 17 11 11 9 9 9 9 9 9 9 9 9 9 9 9 9 9 9 9 9 9 9 9 9 9 9 9 11 11 13 13 13 13 13 13 13 13 13 13 13 13 13 13 13 13 13 13 14 14 19 19 26 26 32
0 0 0 0 0 0 0 0 0 0 0 0 0 0 7 7 7 7 7 7 7 7 7 7 7 9 9 20 20 24 24 23 23 19 19 19 19 23 23 23 23 21 21 15 15 9 9 9 9 9 9 9 9 9 9 9 9 9 9 9 9 9 9 9 9 9 9 9 9 10 10 12 12 12 12 13 13 13 13 13 13 13 13 13 13 13 13 13 13 15 15 21 21 30 30 36
0 0 0 0 0 0 0 0 0 0 0 0 0 0 7 7 7 7 7 7 7 7 7 7 7 9 9 20 20 24 24 23 23 19 19 19 19 23 23 23 23 21 21 15 15 9 9 9 9 9 9 9 9 9 9 9 9 9 9 9 9 9 9 9 9 9 9 9 9 10 10 12 12 12 12 13 13 13 13 13 13 13 13 13 13 13 13 13 13 15 15 21 21 30 30 36
0 0 0 0 0 0 0 0 0 0 0 0 0 0 0 0 7 7 7 7 7 7 7 7 7 7 7 14 14 20 20 21 21 20 20 18 18 21 21 22 22 21 21 14 14 9 9 9 9 9 9 9 9 9 9 9 9 9 9 10 10 10 10 10 10 9 9 9 9 9 9 12 12 12 12 13 13 13 13 13 13 13 13 13 13 13 13 13 13 14 14 22 22 34 34 41
0 0 0 0 0 0 0 0 0 0 0 0 0 0 0 0 7 7 7 7 7 7 7 7 7 7 7 14 14 20 20 21 21 20 20 18 18 21 21 22 22 21 21 14 14 9 9 9 9 9 9 9 9 9 9 9 9 9 9 10 10 10 10 10 10 9 9 9 9 9 9 12 12 12 12 13 13 13 13 13 13 13 13 13 13 13 13 13 13 14 14 22 22 34 34 41
0 0 0 0 0 0 0 0 0 0 0 0 0 0 0 0 7 7 7 7 7 7 7 7 7 7 7 14 14 20 20 21 21 20 20 18 18 21 21 22 22 21 21 14 14 9 9 9 9 9 9 9 9 9 9 9 9 9 9 10 10 10 10 10 10 9 9 9 9 9 9 12 12 12 12 13 13 13 13 13 13 13 13 13 13 13 13 13 13 14 14 22 22 34 34 41
0 0 0 0 0 0 0 0 0 0 0 0 0 0 0 0 7 7 7 7 7 7 7 7 7 7 7 14 14 20 20 21 21 20 20 18 18 21 21 22 22 21 21 14 14 9 9 9 9 9 9 9 9 9 9 9 9 9 9 10 10 10 10 10 10 9 9 9 9 9 9 12 12 12 12 13 13 13 13 13 13 13 13 13 13 13 13 13 13 14 14 22 22 34 34 41
0 0 0 0 0 0 0 0 0 0 0 0 0 0 0 0 7 7 7 7 7 7 7 7 7 7 7 11 11 18 18 20 20 19 19 16 16 16 16 18 18 17 17 11 11 9 9 9 9 9 9 9 9 9 9 9 9 9 9 10 10 10 10 10 10 9 9 9 9 9 9 11 11 11 11 13 13 13 13 13 13 13 13 13 13 13 13 13 13 14 14 22 22 36 36 44
0 0 0 0 0 0 0 0 0 0 0 0 0 0 0 0 7 7 7 7 7 7 7 7 7 7 7 11 11 18 18 20 20 19 19 16 16 16 16 18 18 17 17 11 11 9 9 9 9 9 9 9 9 9 9 9 9 9 9 10 10 10 10 10 10 9 9 9 9 9 9 11 11 11 11 13 13 13 13 13 13 13 13 13 13 13 13 13 13 14 14 22 22 36 36 44
0 0 0 0 0 0 0 0 0 0 0 0 0 0 0 0 7 7 7 7 7 7 7 7 7 7 7 9 9 16 16 19 19 17 17 15 15 14 14 15 15 15 15 12 12 9 9 9 9 9 9 9 9 9 9 9 9 10 10 10 10 10 10 10 10 10 10 9 9 9 9 10 10 10 10 13 13 13 13 13 13 13 13 13 13 13 13 13 13 13 13 19 19 34 34 44
0 0 0 0 0 0 0 0 0 0 0 0 0 0 0 0 7 7 7 7 7 7 7 7 7 7 7 9 9 16 16 19 19 17 17 15 15 14 14 15 15 15 15 12 12 9 9 9 9 9 9 9 9 9 9 9 9 10 10 10 10 10 10 10 10 10 10 9 9 9 9 10 10 10 10 13 13 13 13 13 13 13 13 13 13 13 13 13 13 13 13 19 19 34 34 44
0 0 0 0 0 0 0 0 0 0 0 0 0 0 0 0 8 8 8 8 8 7 7 7 7 7 7 7 7 11 11 16 16 16 16 13 13 14 14 15 15 15 15 13 13 10 10 10 10 9 9 9 9 9 9 10 10 10 10 10 10 10 10 10 10 10 10 9 9 9 9 10 10 10 10 12 12 13 13 13 13 13 13 13 13 13 13 13 13 13 13 17 17 32 32 42
0 0 0 0 0 0 0 0 0 0 0 0 0 0 0 0 8 8 8 8 8 7 7 7 7 7 7 7 7 11 11 16 16 16 16 13 13 14 14 15 15 15 15 13 13 10 10 10 10 9 9 9 9 9 9 10 10 10 10 10 10 10 10 10 10 10 10 9 9 9 9 10 10 10 10 12 12 13 13 13 13 13 13 13 13 13 13 13 13 13 13 17 17 32 32 42
0 0 0 0 0 0 0 0 0 0 0 0 0 0 0 0 0 0 0 0 8 8 8 7 7 7 7 7 7 8 8 11 11 13 13 10 10 12 12 16 16 15 15 14 14 11 11 11 11 9 9 9 9 9 9 10 10 10 10 10 10 10 10 10 10 10 10 9 9 9 9 9 9 9 9 12 12 13 13 13 13 13 13 13 13 13 13 13 13 13 13 16 16 28 28 38
0 0 0 0 0 0 0 0 0 0 0 0 0 0 0 0 0 0 0 0 8 8 8 7 7 7 7 7 7 8 8 11 11 13 13 10 10 12 12 16 16 15 15 14 14 11 11 11 11 9 9 9 9 9 9 10 10 10 10 10 10 10 10 10 10 10 10 9 9 9 9 9 9 9 9 12 12 13 13 13 13 13 13 13 13 13 13 13 13 13 13 16 16 28 28 38
0 0 0 0 0 0 0 0 0 0 0 0 0 0 0 0 0 0 0 0 7 7 7 7 7 7 7 7 7 7 7 7 7 8 8 7 7 10 10 15 15 16 16 15 15 12 12 12 12 9 9 9 9 10 10 10 10 10 10 10 10 10 10 10 10 10 10 10 10 9 9 9 9 9 9 11 11 13 13 13 13 13 13 13 13 13 13 13 13 13 13 14 14 25 25 36
0 0 0 0 0 0 0 0 0 0 0 0 0 0 0 0 0 0 0 0 7 7 7 7 7 7 7 7 7 7 7 7 7 8 8 7 7 10 10 15 15 16 16 15 15 12 12 12 12 9 9 9 9 10 10 10 10 10 10 10 10 10 10 10 10 10 10 10 10 9 9 9 9 9 9 11 11 13 13 13 13 13 13 13 13 13 13 13 13 13 13 14 14 25 25 36
