1_GisToSWMM/GisToSWMM_input/demnull.asc
ncols         514
nrows         646
xllcorner     12709706.8597
yllcorner     2548870.9827
cellsize      2.5
NODATA_value  0
[rows 348 to 405 of 646, columns 288 to 383 of 514]
25 25 25 25 25 26 26 26 26 26 26 26 26 28 28 29 29 31 31 35 35 40 40 45 45 48 48 48 48 51 51 52 52 53 53 51 51 49 49 48 48 44 44 43 43 42 42 41 41 41 41 41 41 41 41 41 41 41 41 41 41 41 41 41 41 41 41 42 42 43 43 43 43 43 43 43 43 43 43 43 43 43 43 43 43 43 43 43 43 44 44 44 44 44 44 44
25 25 25 25 25 26 26 26 26 26 26 26 26 28 28 29 29 31 31 35 35 40 40 45 45 48 48 48 48 51 51 52 52 53 53 51 51 49 49 48 48 44 44 43 43 42 42 41 41 41 41 41 41 41 41 41 41 41 41 41 41 41 41 41 41 41 41 42 42 43 43 43 43 43 43 43 43 43 43 43 43 43 43 43 43 43 43 43 43 44 44 44 44 44 44 44
24 24 24 26 26 27 27 27 27 27 27 27 27 27 27 28 28 29 29 31 31 33 33 40 40 46 46 46 46 49 49 50 50 51 51 50 50 48 48 48 48 48 48 47 47 43 43 41 41 41 41 41 41 41 41 41 41 41 41 41 41 41 41 41 41 42 42 43 43 43 43 43 43 43 43 43 43 43 43 43 43 43 43 43 43 43 43 43 43 44 44 44 44 44 44 44
24 24 24 26 26 27 27 27 27 27 27 27 27 27 27 28 28 29 29 31 31 33 33 40 40 46 46 46 46 49 49 50 50 51 51 50 50 48 48 48 48 48 48 47 47 43 43 41 41 41 41 41 41 41 41 41 41 41 41 41 41 41 41 41 41 42 42 43 43 43 43 43 43 43 43 43 43 43 43 43 43 43 43 43 43 43 43 43 43 44 44 44 44 44 44 44
24 24 24 27 27 30 30 31 31 31 31 29 29 28 28 28 28 28 28 29 29 29 29 32 32 38 38 38 38 44 44 47 47 49 49 49 49 49 49 51 51 51 51 52 52 45 45 41 41 41 41 41 41 41 41 41 41 41 41 41 41 41 41 41 41 42 42 43 43 43 43 43 43 43 43 43 43 43 43 43 43 43 43 43 43 43 43 43 43 43 43 43 43 43 43 44
24 24 24 27 27 30 30 31 31 31 31 29 29 28 28 28 28 28 28 29 29 29 29 32 32 38 38 38 38 44 44 47 47 49 49 49 49 49 49 51 51 51 51 52 52 45 45 41 41 41 41 41 41 41 41 41 41 41 41 41 41 41 41 41 41 42 42 43 43 43 43 43 43 43 43 43 43 43 43 43 43 43 43 43 43 43 43 43 43 43 43 43 43 43 43 44
26 26 26 31 31 35 35 36 36 36 36 34 34 32 32 30 30 29 29 29 29 29 29 30 30 31 31 31 31 34 34 41 41 46 46 48 48 50 50 52 52 53 53 52 52 44 44 41 41 41 41 41 41 42 42 42 42 43 43 41 41 41 41 41 41 42 42 43 43 43 43 43 43 43 43 43 43 43 43 43 43 43 43 43 43 43 43 43 43 43 43 43 43 44 44 44
26 26 26 31 31 35 35 36 36 36 36 34 34 32 32 30 30 29 29 29 29 29 29 30 30 31 31 31 31 34 34 41 41 46 46 48 48 50 50 52 52 53 53 52 52 44 44 41 41 41 41 41 41 42 42 42 42 43 43 41 41 41 41 41 41 42 42 43 43 43 43 43 43 43 43 43 43 43 43 43 43 43 43 43 43 43 43 43 43 43 43 43 43 44 44 44
28 28 28 33 33 36 36 37 37 37 37 37 37 36 36 35 35 33 33 31 31 30 30 30 30 30 30 30 30 31 31 35 35 41 41 45 45 49 49 51 51 51 51 50 50 43 43 41 41 42 42 44 44 47 47 47 47 48 48 46 46 43 43 43 43 42 42 42 42 43 43 43 43 43 43 43 43 43 43 43 43 43 43 43 43 43 43 43 43 43 43 43 43 44 44 45
28 28 28 33 33 36 36 37 37 37 37 37 37 36 36 35 35 33 33 31 31 30 30 30 30 30 30 30 30 31 31 35 35 41 41 45 45 49 49 51 51 51 51 50 50 43 43 41 41 42 42 44 44 47 47 47 47 48 48 46 46 43 43 43 43 42 42 42 42 43 43 43 43 43 43 43 43 43 43 43 43 43 43 43 43 43 43 43 43 43 43 43 43 44 44 45
30 30 30 35 35 37 37 37 37 37 37 37 37 37 37 37 37 36 36 35 35 33 33 31 31 31 31 31 31 31 31 32 32 33 33 36 36 42 42 49 49 49 49 45 45 42 42 44 44 46 46 47 47 49 49 49 49 50 50 50 50 49 49 49 49 48 48 46 46 46 46 46 46 43 43 43 43 43 43 43 43 43 43 43 43 43 43 43 43 43 43 44 44 45 45 45
30 30 30 35 35 37 37 37 37 37 37 37 37 37 37 37 37 36 36 35 35 33 33 31 31 31 31 31 31 31 31 32 32 33 33 36 36 42 42 49 49 49 49 45 45 42 42 44 44 46 46 47 47 49 49 49 49 50 50 50 50 49 49 49 49 48 48 46 46 46 46 46 46 43 43 43 43 43 43 43 43 43 43 43 43 43 43 43 43 43 43 44 44 45 45 45
30 30 30 35 35 37 37 37 37 37 37 37 37 37 37 37 37 36 36 35 35 33 33 31 31 31 31 31 31 31 31 32 32 33 33 36 36 42 42 49 49 49 49 45 45 42 42 44 44 46 46 47 47 49 49 49 49 50 50 50 50 49 49 49 49 48 48 46 46 46 46 46 46 43 43 43 43 43 43 43 43 43 43 43 43 43 43 43 43 43 43 44 44 45 45 45
30 30 30 35 35 37 37 37 37 37 37 37 37 37 37 37 37 36 36 35 35 33 33 31 31 31 31 31 31 31 31 32 32 33 33 36 36 42 42 49 49 49 49 45 45 42 42 44 44 46 46 47 47 49 49 49 49 50 50 50 50 49 49 49 49 48 48 46 46 46 46 46 46 43 43 43 43 43 43 43 43 43 43 43 43 43 43 43 43 43 43 44 44 45 45 45
33 33 33 36 36 37 37 37 37 37 37 37 37 37 37 37 37 37 37 37 37 36 36 35 35 33 33 33 33 32 32 32 32 32 32 33 33 34 34 39 39 39 39 38 38 41 41 44 44 46 46 47 47 50 50 50 50 51 51 51 51 51 51 51 51 53 53 51 51 48 48 47 47 43 43 43 43 43 43 43 43 43 43 43 43 43 43 43 43 43 43 44 44 45 45 45
33 33 33 36 36 37 37 37 37 37 37 37 37 37 37 37 37 37 37 37 37 36 36 35 35 33 33 33 33 32 32 32 32 32 32 33 33 34 34 39 39 39 39 38 38 41 41 44 44 46 46 47 47 50 50 50 50 51 51 51 51 51 51 51 51 53 53 51 51 48 48 47 47 43 43 43 43 43 43 43 43 43 43 43 43 43 43 43 43 43 43 44 44 45 45 45
35 35 35 37 37 37 37 37 37 37 37 37 37 37 37 37 37 37 37 37 37 37 37 37 37 36 36 36 36 35 35 35 35 35 35 34 34 33 33 34 34 34 34 34 34 37 37 40 40 44 44 46 46 48 48 48 48 49 49 50 50 51 51 51 51 53 53 52 52 49 49 46 46 43 43 43 43 43 43 43 43 43 43 43 43 43 43 43 43 44 44 45 45 45 45 45
35 35 35 37 37 37 37 37 37 37 37 37 37 37 37 37 37 37 37 37 37 37 37 37 37 36 36 36 36 35 35 35 35 35 35 34 34 33 33 34 34 34 34 34 34 37 37 40 40 44 44 46 46 48 48 48 48 49 49 50 50 51 51 51 51 53 53 52 52 49 49 46 46 43 43 43 43 43 43 43 43 43 43 43 43 43 43 43 43 44 44 45 45 45 45 45
36 36 36 37 37 37 37 37 37 37 37 37 37 37 37 37 37 37 37 37 37 37 37 37 37 37 37 37 37 37 37 37 37 37 37 36 36 35 35 34 34 34 34 34 34 35 35 37 37 40 40 44 44 45 45 45 45 46 46 49 49 49 49 46 46 46 46 48 48 46 46 44 44 43 43 43 43 43 43 43 43 43 43 43 43 43 43 44 44 45 45 45 45 45 45 45
36 36 36 37 37 37 37 37 37 37 37 37 37 37 37 37 37 37 37 37 37 37 37 37 37 37 37 37 37 37 37 37 37 37 37 36 36 35 35 34 34 34 34 34 34 35 35 37 37 40 40 44 44 45 45 45 45 46 46 49 49 49 49 46 46 46 46 48 48 46 46 44 44 43 43 43 43 43 43 43 43 43 43 43 43 43 43 44 44 45 45 45 45 45 45 45
37 37 37 37 37 37 37 37 37 37 37 37 37 37 37 37 37 37 37 37 37 37 37 37 37 37 37 37 37 37 37 37 37 37 37 37 37 37 37 36 36 35 35 34 34 34 34 35 35 37 37 41 41 42 42 42 42 43 43 45 45 44 44 41 41 42 42 45 45 45 45 43 43 43 43 43 43 43 43 43 43 43 43 43 43 44 44 45 45 45 45 45 45 45 45 45
37 37 37 37 37 37 37 37 37 37 37 37 37 37 37 37 37 37 37 37 37 37 37 37 37 37 37 37 37 37 37 37 37 37 37 37 37 37 37 36 36 35 35 34 34 34 34 35 35 37 37 41 41 42 42 42 42 43 43 45 45 44 44 41 41 42 42 45 45 45 45 43 43 43 43 43 43 43 43 43 43 43 43 43 43 44 44 45 45 45 45 45 45 45 45 45
37 37 37 37 37 37 37 37 37 37 37 37 37 37 37 37 37 37 37 37 37 37 37 37 37 37 37 37 37 37 37 37 37 37 37 37 37 37 37 37 37 36 36 35 35 35 35 35 35 36 36 38 38 41 41 41 41 41 41 41 41 41 41 41 41 43 43 46 46 45 45 43 43 43 43 43 43 43 43 43 43 43 43 44 44 45 45 45 45 45 45 45 45 45 45 45
37 37 37 37 37 37 37 37 37 37 37 37 37 37 37 37 37 37 37 37 37 37 37 37 37 37 37 37 37 37 37 37 37 37 37 37 37 37 37 37 37 36 36 35 35 35 35 35 35 36 36 38 38 41 41 41 41 41 41 41 41 41 41 41 41 43 43 46 46 45 45 43 43 43 43 43 43 43 43 43 43 43 43 44 44 45 45 45 45 45 45 45 45 45 45 45
36 36 36 37 37 37 37 37 37 37 37 37 37 37 37 37 37 38 38 38 38 38 38 37 37 37 37 37 37 37 37 37 37 37 37 37 37 37 37 37 37 37 37 36 36 36 36 36 36 36 36 36 36 38 38 38 38 39 39 39 39 40 40 42 42 45 45 45 45 43 43 43 43 43 43 43 43 43 43 44 44 44 44 45 45 45 45 45 45 45 45 45 45 45 45 45
36 36 36 37 37 37 37 37 37 37 37 37 37 37 37 37 37 38 38 38 38 38 38 37 37 37 37 37 37 37 37 37 37 37 37 37 37 37 37 37 37 37 37 36 36 36 36 36 36 36 36 36 36 38 38 38 38 39 39 39 39 40 40 42 42 45 45 45 45 43 43 43 43 43 43 43 43 43 43 44 44 44 44 45 45 45 45 45 45 45 45 45 45 45 45 45
36 36 36 37 37 37 37 37 37 37 37 37 37 37 37 37 37 39 39 40 40 39 39 39 39 38 38 38 38 38 38 37 37 37 37 37 37 37 37 37 37 37 37 38 38 39 39 40 40 38 38 36 36 37 37 37 37 37 37 38 38 43 43 46 46 45 45 43 43 43 43 43 43 43 43 43 43 44 44 45 45 45 45 45 45 45 45 45 45 45 45 45 45 45 45 45
36 36 36 37 37 37 37 37 37 37 37 37 37 37 37 37 37 39 39 40 40 39 39 39 39 38 38 38 38 38 38 37 37 37 37 37 37 37 37 37 37 37 37 38 38 39 39 40 40 38 38 36 36 37 37 37 37 37 37 38 38 43 43 46 46 45 45 43 43 43 43 43 43 43 43 43 43 44 44 45 45 45 45 45 45 45 45 45 45 45 45 45 45 45 45 45
37 37 37 37 37 37 37 37 37 37 37 37 37 37 37 38 38 40 40 40 40 40 40 40 40 40 40 40 40 39 39 38 38 38 38 37 37 37 37 37 37 37 37 39 39 42 42 42 42 39 39 37 37 37 37 37 37 37 37 39 39 45 45 46 46 43 43 43 43 43 43 43 43 43 43 45 45 45 45 45 45 45 45 45 45 45 45 45 45 45 45 45 45 45 45 45
37 37 37 37 37 37 37 37 37 37 37 37 37 37 37 38 38 40 40 40 40 40 40 40 40 40 40 40 40 39 39 38 38 38 38 37 37 37 37 37 37 37 37 39 39 42 42 42 42 39 39 37 37 37 37 37 37 37 37 39 39 45 45 46 46 43 43 43 43 43 43 43 43 43 43 45 45 45 45 45 45 45 45 45 45 45 45 45 45 45 45 45 45 45 45 45
37 37 37 37 37 37 37 37 37 37 37 37 37 37 37 39 39 40 40 40 40 40 40 40 40 40 40 40 40 40 40 40 40 39 39 39 39 38 38 37 37 38 38 40 40 42 42 42 42 40 40 38 38 37 37 37 37 39 39 43 43 45 45 43 43 43 43 43 43 43 43 43 43 43 43 45 45 45 45 45 45 45 45 45 45 45 45 45 45 45 45 45 45 45 45 45
37 37 37 37 37 37 37 37 37 37 37 37 37 37 37 39 39 40 40 40 40 40 40 40 40 40 40 40 40 40 40 40 40 39 39 39 39 38 38 37 37 38 38 40 40 42 42 42 42 40 40 38 38 37 37 37 37 39 39 43 43 45 45 43 43 43 43 43 43 43 43 43 43 43 43 45 45 45 45 45 45 45 45 45 45 45 45 45 45 45 45 45 45 45 45 45
37 37 37 37 37 37 37 38 38 37 37 38 38 38 38 40 40 40 40 40 40 40 40 40 40 40 40 40 40 40 40 40 40 40 40 40 40 40 40 40 40 40 40 41 41 42 42 42 42 42 42 41 41 40 40 40 40 43 43 46 46 44 44 43 43 43 43 43 43 43 43 43 43 43 43 44 44 45 45 45 45 45 45 45 45 45 45 45 45 45 45 45 45 45 45 45
37 37 37 37 37 37 37 38 38 37 37 38 38 38 38 40 40 40 40 40 40 40 40 40 40 40 40 40 40 40 40 40 40 40 40 40 40 40 40 40 40 40 40 41 41 42 42 42 42 42 42 41 41 40 40 40 40 43 43 46 46 44 44 43 43 43 43 43 43 43 43 43 43 43 43 44 44 45 45 45 45 45 45 45 45 45 45 45 45 45 45 45 45 45 45 45
37 37 37 37 37 38 38 38 38 37 37 38 38 39 39 40 40 40 40 40 40 40 40 40 40 40 40 40 40 40 40 40 40 40 40 40 40 41 41 41 41 42 42 42 42 42 42 42 42 42 42 42 42 42 42 42 42 44 44 47 47 43 43 43 43 43 43 43 43 43 43 43 43 43 43 44 44 45 45 45 45 45 45 45 45 45 45 45 45 45 45 45 45 45 45 45
37 37 37 37 37 38 38 38 38 37 37 38 38 39 39 40 40 40 40 40 40 40 40 40 40 40 40 40 40 40 40 40 40 40 40 40 40 41 41 41 41 42 42 42 42 42 42 42 42 42 42 42 42 42 42 42 42 44 44 47 47 43 43 43 43 43 43 43 43 43 43 43 43 43 43 44 44 45 45 45 45 45 45 45 45 45 45 45 45 45 45 45 45 45 45 45
37 37 37 37 37 37 37 37 37 38 38 38 38 39 39 39 39 39 39 40 40 40 40 40 40 40 40 40 40 40 40 40 40 40 40 41 41 41 41 42 42 42 42 42 42 42 42 42 42 42 42 42 42 42 42 42 42 44 44 46 46 47 47 43 43 43 43 43 43 43 43 43 43 43 43 44 44 45 45 45 45 45 45 45 45 45 45 45 45 45 45 45 45 45 45 45
37 37 37 37 37 37 37 37 37 38 38 38 38 39 39 39 39 39 39 40 40 40 40 40 40 40 40 40 40 40 40 40 40 40 40 41 41 41 41 42 42 42 42 42 42 42 42 42 42 42 42 42 42 42 42 42 42 44 44 46 46 47 47 43 43 43 43 43 43 43 43 43 43 43 43 44 44 45 45 45 45 45 45 45 45 45 45 45 45 45 45 45 45 45 45 45
37 37 37 37 37 37 37 37 37 38 38 38 38 39 39 39 39 39 39 40 40 40 40 40 40 40 40 40 40 40 40 40 40 40 40 41 41 41 41 42 42 42 42 42 42 42 42 42 42 42 42 42 42 42 42 42 42 44 44 46 46 47 47 43 43 43 43 43 43 43 43 43 43 43 43 44 44 45 45 45 45 45 45 45 45 45 45 45 45 45 45 45 45 45 45 45
37 37 37 37 37 37 37 37 37 38 38 38 38 39 39 39 39 39 39 40 40 40 40 40 40 40 40 40 40 40 40 40 40 40 40 41 41 41 41 42 42 42 42 42 42 42 42 42 42 42 42 42 42 42 42 42 42 44 44 46 46 47 47 43 43 43 43 43 43 43 43 43 43 43 43 44 44 45 45 45 45 45 45 45 45 45 45 45 45 45 45 45 45 45 45 45
37 37 37 37 37 37 37 37 37 37 37 38 38 39 39 39 39 39 39 40 40 40 40 40 40 40 40 40 40 40 40 40 40 40 40 41 41 42 42 42 42 42 42 42 42 42 42 42 42 42 42 42 42 42 42 42 42 42 42 43 43 47 47 45 45 43 43 43 43 43 43 43 43 43 43 44 44 45 45 45 45 45 45 45 45 45 45 45 45 45 45 45 45 45 45 45
37 37 37 37 37 37 37 37 37 37 37 38 38 39 39 39 39 39 39 40 40 40 40 40 40 40 40 40 40 40 40 40 40 40 40 41 41 42 42 42 42 42 42 42 42 42 42 42 42 42 42 42 42 42 42 42 42 42 42 43 43 47 47 45 45 43 43 43 43 43 43 43 43 43 43 44 44 45 45 45 45 45 45 45 45 45 45 45 45 45 45 45 45 45 45 45
37 37 37 37 37 37 37 37 37 37 37 38 38 38 38 39 39 39 39 40 40 40 40 40 40 40 40 40 40 40 40 40 40 41 41 42 42 42 42 42 42 42 42 42 42 42 42 42 42 42 42 42 42 43 43 43 43 42 42 42 42 45 45 44 44 43 43 43 43 43 43 43 43 43 43 43 43 45 45 45 45 45 45 45 45 45 45 45 45 45 45 45 45 45 45 45
37 37 37 37 37 37 37 37 37 37 37 38 38 38 38 39 39 39 39 40 40 40 40 40 40 40 40 40 40 40 40 40 40 41 41 42 42 42 42 42 42 42 42 42 42 42 42 42 42 42 42 42 42 43 43 43 43 42 42 42 42 45 45 44 44 43 43 43 43 43 43 43 43 43 43 43 43 45 45 45 45 45 45 45 45 45 45 45 45 45 45 45 45 45 45 45
37 37 37 37 37 37 37 37 37 37 37 37 37 38 38 39 39 39 39 39 39 39 39 40 40 41 41 41 41 41 41 41 41 42 42 42 42 42 42 42 42 42 42 42 42 42 42 42 42 42 42 43 43 43 43 43 43 42 42 42 42 44 44 44 44 43 43 43 43 43 43 43 43 43 43 43 43 45 45 45 45 45 45 45 45 45 45 45 45 45 45 45 45 45 45 45
37 37 37 37 37 37 37 37 37 37 37 37 37 38 38 39 39 39 39 39 39 39 39 40 40 41 41 41 41 41 41 41 41 42 42 42 42 42 42 42 42 42 42 42 42 42 42 42 42 42 42 43 43 43 43 43 43 42 42 42 42 44 44 44 44 43 43 43 43 43 43 43 43 43 43 43 43 45 45 45 45 45 45 45 45 45 45 45 45 45 45 45 45 45 45 45
37 37 37 37 37 37 37 37 37 37 37 38 38 38 38 39 39 39 39 39 39 39 39 40 40 40 40 40 40 41 41 41 41 42 42 42 42 42 42 42 42 42 42 42 42 43 43 43 43 43 43 43 43 43 43 43 43 43 43 42 42 43 43 43 43 43 43 43 43 43 43 43 43 43 43 43 43 44 44 45 45 45 45 45 45 45 45 45 45 45 45 45 45 45 45 45
37 37 37 37 37 37 37 37 37 37 37 38 38 38 38 39 39 39 39 39 39 39 39 40 40 40 40 40 40 41 41 41 41 42 42 42 42 42 42 42 42 42 42 42 42 43 43 43 43 43 43 43 43 43 43 43 43 43 43 42 42 43 43 43 43 43 43 43 43 43 43 43 43 43 43 43 43 44 44 45 45 45 45 45 45 45 45 45 45 45 45 45 45 45 45 45
37 37 37 37 37 37 37 37 37 38 38 38 38 39 39 39 39 39 39 39 39 39 39 40 40 41 41 41 41 41 41 41 41 41 41 42 42 42 42 42 42 42 42 43 43 43 43 43 43 43 43 43 43 43 43 43 43 43 43 43 43 43 43 43 43 43 43 43 43 43 43 43 43 43 43 43 43 44 44 45 45 45 45 45 45 45 45 45 45 45 45 45 45 45 45 45
37 37 37 37 37 37 37 37 37 38 38 38 38 39 39 39 39 39 39 39 39 39 39 40 40 41 41 41 41 41 41 41 41 41 41 42 42 42 42 42 42 42 42 43 43 43 43 43 43 43 43 43 43 43 43 43 43 43 43 43 43 43 43 43 43 43 43 43 43 43 43 43 43 43 43 43 43 44 44 45 45 45 45 45 45 45 45 45 45 45 45 45 45 45 45 45
37 37 37 37 37 37 37 38 38 39 39 39 39 39 39 39 39 39 39 39 39 40 40 41 41 41 41 41 41 41 41 41 41 41 41 41 41 42 42 42 42 43 43 43 43 43 43 43 43 43 43 43 43 43 43 43 43 43 43 43 43 43 43 43 43 43 43 43 43 43 43 43 43 43 43 43 43 44 44 45 45 45 45 45 45 45 45 45 45 45 45 45 45 45 45 45
37 37 37 37 37 37 37 38 38 39 39 39 39 39 39 39 39 39 39 39 39 40 40 41 41 41 41 41 41 41 41 41 41 41 41 41 41 42 42 42 42 43 43 43 43 43 43 43 43 43 43 43 43 43 43 43 43 43 43 43 43 43 43 43 43 43 43 43 43 43 43 43 43 43 43 43 43 44 44 45 45 45 45 45 45 45 45 45 45 45 45 45 45 45 45 45
37 37 37 37 37 38 38 39 39 39 39 39 39 39 39 39 39 39 39 40 40 41 41 41 41 41 41 41 41 41 41 41 41 41 41 41 41 41 41 42 42 43 43 43 43 43 43 43 43 43 43 43 43 43 43 43 43 43 43 43 43 43 43 43 43 43 43 43 43 43 43 43 43 43 43 43 43 44 44 45 45 45 45 45 45 45 45 45 45 45 45 45 45 45 45 45
37 37 37 37 37 38 38 39 39 39 39 39 39 39 39 39 39 39 39 40 40 41 41 41 41 41 41 41 41 41 41 41 41 41 41 41 41 41 41 42 42 43 43 43 43 43 43 43 43 43 43 43 43 43 43 43 43 43 43 43 43 43 43 43 43 43 43 43 43 43 43 43 43 43 43 43 43 44 44 45 45 45 45 45 45 45 45 45 45 45 45 45 45 45 45 45
37 37 37 38 38 39 39 39 39 39 39 39 39 39 39 39 39 40 40 40 40 41 41 41 41 41 41 41 41 41 41 41 41 40 40 40 40 41 41 42 42 43 43 43 43 43 43 43 43 43 43 43 43 43 43 43 43 43 43 43 43 43 43 43 43 43 43 43 43 43 43 43 43 43 43 43 43 44 44 44 44 44 44 45 45 45 45 45 45 45 45 45 45 45 45 45
37 37 37 38 38 39 39 39 39 39 39 39 39 39 39 39 39 40 40 40 40 41 41 41 41 41 41 41 41 41 41 41 41 40 40 40 40 41 41 42 42 43 43 43 43 43 43 43 43 43 43 43 43 43 43 43 43 43 43 43 43 43 43 43 43 43 43 43 43 43 43 43 43 43 43 43 43 44 44 44 44 44 44 45 45 45 45 45 45 45 45 45 45 45 45 45
38 38 38 39 39 39 39 39 39 39 39 39 39 39 39 40 40 40 40 41 41 41 41 41 41 41 41 41 41 41 41 40 40 40 40 41 41 42 42 43 43 43 43 43 43 43 43 43 43 43 43 43 43 43 43 43 43 43 43 43 43 43 43 43 43 43 43 43 43 43 43 43 43 43 43 43 43 44 44 44 44 44 44 45 45 45 45 45 45 45 45 45 45 45 45 45
38 38 38 39 39 39 39 39 39 39 39 39 39 39 39 40 40 40 40 41 41 41 41 41 41 41 41 41 41 41 41 40 40 40 40 41 41 42 42 43 43 43 43 43 43 43 43 43 43 43 43 43 43 43 43 43 43 43 43 43 43 43 43 43 43 43 43 43 43 43 43 43 43 43 43 43 43 44 44 44 44 44 44 45 45 45 45 45 45 45 45 45 45 45 45 45
