1_GisToSWMM/GisToSWMM_input/demnull.asc
ncols         514
nrows         646
xllcorner     12709706.8597
yllcorner     2548870.9827
cellsize      2.5
NODATA_value  0
[rows 406 to 463 of 646, columns 96 to 191 of 514]
11 11 11 12 12 12 12 12 12 13 13 13 13 13 13 17 17 28 28 31 31 34 34 36 36 38 38 42 42 46 46 46 46 48 48 47 47 46 46 46 46 46 46 45 45 45 45 45 45 45 45 45 45 45 45 45 45 45 45 45 45 45 45 45 45 46 46 46 46 44 44 42 42 40 40 37 37 36 36 36 36 37 37 37 37 37 37 35 35 34 34 32 32 30 30 29
11 11 11 12 12 12 12 12 12 13 13 13 13 13 13 17 17 28 28 31 31 34 34 36 36 38 38 42 42 46 46 46 46 48 48 47 47 46 46 46 46 46 46 45 45 45 45 45 45 45 45 45 45 45 45 45 45 45 45 45 45 45 45 45 45 46 46 46 46 44 44 42 42 40 40 37 37 36 36 36 36 37 37 37 37 37 37 35 35 34 34 32 32 30 30 29
11 12 12 12 12 12 12 13 13 13 13 13 13 14 14 17 17 28 28 31 31 35 35 37 37 41 41 47 47 51 51 51 51 52 52 50 50 48 48 48 48 47 47 46 46 45 45 45 45 45 45 45 45 45 45 45 45 45 45 45 45 45 45 45 45 45 45 46 46 45 45 43 43 41 41 36 36 36 36 37 37 37 37 35 35 35 35 31 31 30 30 30 30 30 30 29
11 12 12 12 12 12 12 13 13 13 13 13 13 14 14 17 17 28 28 31 31 35 35 37 37 41 41 47 47 51 51 51 51 52 52 50 50 48 48 48 48 47 47 46 46 45 45 45 45 45 45 45 45 45 45 45 45 45 45 45 45 45 45 45 45 45 45 46 46 45 45 43 43 41 41 36 36 36 36 37 37 37 37 35 35 35 35 31 31 30 30 30 30 30 30 29
11 12 12 12 12 12 12 13 13 13 13 13 13 14 14 17 17 28 28 31 31 35 35 37 37 41 41 47 47 51 51 51 51 52 52 50 50 48 0 0 0 0 0 0 0 0 0 0 0 0 0 0 0 0 0 0 0 0 0 0 0 0 0 0 0 0 45 46 46 45 45 43 43 41 41 36 36 36 36 37 37 37 37 35 35 35 35 31 31 30 30 30 30 30 30 29
11 12 12 12 12 12 12 13 13 13 13 13 13 14 14 17 17 28 28 31 31 35 35 37 37 41 41 47 47 51 51 51 51 52 52 50 50 48 0 0 0 0 0 0 0 0 0 0 0 0 0 0 0 0 0 0 0 0 0 0 0 0 0 0 0 0 45 46 46 45 45 43 43 41 41 36 36 36 36 37 37 37 37 35 35 35 35 31 31 30 30 30 30 30 30 29
12 12 12 12 12 12 12 13 13 14 14 14 14 14 14 15 15 27 27 32 32 35 35 38 38 43 43 50 50 54 54 54 54 54 54 52 52 49 0 0 0 0 0 0 0 0 0 0 0 0 0 0 0 0 0 0 0 0 0 0 0 0 0 0 0 0 0 0 46 46 46 46 46 43 43 38 38 37 37 38 38 36 36 33 33 33 33 31 31 30 30 30 30 30 30 31
12 12 12 12 12 12 12 13 13 14 14 14 14 14 14 15 15 27 27 32 32 35 35 38 38 43 43 50 50 54 54 54 54 54 54 52 52 49 0 0 0 0 0 0 0 0 0 0 0 0 0 0 0 0 0 0 0 0 0 0 0 0 0 0 0 0 0 0 46 46 46 46 46 43 43 38 38 37 37 38 38 36 36 33 33 33 33 31 31 30 30 30 30 30 30 31
12 12 12 12 12 12 12 13 13 14 14 14 14 14 14 14 14 24 24 32 32 34 34 37 37 46 46 52 52 53 53 53 53 54 54 52 0 0 0 0 0 0 0 0 0 0 0 0 0 0 0 0 0 0 0 0 0 0 0 0 0 0 0 0 0 0 0 0 47 48 48 47 47 44 44 39 39 36 36 36 36 35 35 32 32 32 32 31 31 31 31 30 30 31 31 33
12 12 12 12 12 12 12 13 13 14 14 14 14 14 14 14 14 24 24 32 32 34 34 37 37 46 46 52 52 53 53 53 53 54 54 52 0 0 0 0 0 0 0 0 0 0 0 0 0 0 0 0 0 0 0 0 0 0 0 0 0 0 0 0 0 0 0 0 47 48 48 47 47 44 44 39 39 36 36 36 36 35 35 32 32 32 32 31 31 31 31 30 30 31 31 33
12 12 12 12 12 12 12 13 13 14 14 14 14 14 14 14 14 20 20 28 28 32 32 37 37 47 47 51 51 53 53 53 53 54 0 0 0 0 0 0 0 0 0 0 0 0 0 0 0 0 0 0 0 0 0 0 0 0 0 0 0 0 0 0 0 0 0 0 48 49 49 47 47 44 44 37 37 33 33 33 33 33 33 32 32 32 32 31 31 31 31 31 31 32 32 34
12 12 12 12 12 12 12 13 13 14 14 14 14 14 14 14 14 20 20 28 28 32 32 37 37 47 47 51 51 53 53 53 53 54 0 0 0 0 0 0 0 0 0 0 0 0 0 0 0 0 0 0 0 0 0 0 0 0 0 0 0 0 0 0 0 0 0 0 48 49 49 47 47 44 44 37 37 33 33 33 33 33 33 32 32 32 32 31 31 31 31 31 31 32 32 34
12 12 12 12 12 12 12 12 12 13 13 14 14 14 14 14 14 15 15 20 20 26 26 35 35 45 45 50 50 52 52 52 52 54 0 0 0 0 0 0 0 0 0 0 0 0 0 0 0 0 0 0 0 0 0 0 0 0 0 0 0 0 0 0 0 0 0 0 48 49 49 48 48 44 44 37 37 32 32 32 32 32 32 31 31 31 31 31 31 31 31 31 31 33 33 34
12 12 12 12 12 12 12 12 12 13 13 14 14 14 14 14 14 15 15 20 20 26 26 35 35 45 45 50 50 52 52 52 52 54 0 0 0 0 0 0 0 0 0 0 0 0 0 0 0 0 0 0 0 0 0 0 0 0 0 0 0 0 0 0 0 0 0 0 48 49 49 48 48 44 44 37 37 32 32 32 32 32 32 31 31 31 31 31 31 31 31 31 31 33 33 34
12 12 12 12 12 12 12 12 12 13 13 14 14 14 14 14 14 14 14 15 15 20 20 31 31 43 43 49 49 51 51 51 51 54 0 0 0 0 0 0 0 0 0 0 0 0 0 0 0 0 0 0 0 0 0 0 0 0 0 0 0 0 0 0 0 0 0 0 48 48 48 47 47 44 44 37 37 33 33 32 32 32 32 32 32 32 32 31 31 31 31 32 32 34 34 34
12 12 12 12 12 12 12 12 12 13 13 14 14 14 14 14 14 14 14 15 15 20 20 31 31 43 43 49 49 51 51 51 51 54 0 0 0 0 0 0 0 0 0 0 0 0 0 0 0 0 0 0 0 0 0 0 0 0 0 0 0 0 0 0 0 0 0 0 48 48 48 47 47 44 44 37 37 33 33 32 32 32 32 32 32 32 32 31 31 31 31 32 32 34 34 34
13 12 12 12 12 12 12 12 12 13 13 14 14 14 14 14 14 14 14 14 14 17 17 29 29 41 41 48 48 51 0 0 0 0 0 0 0 0 0 0 0 0 0 0 0 0 0 0 0 0 0 0 0 0 0 0 0 0 0 0 0 0 0 0 0 0 0 0 48 47 47 46 46 42 42 36 36 33 33 32 32 32 32 32 32 32 32 32 32 32 32 33 33 34 34 34
13 12 12 12 12 12 12 12 12 13 13 14 14 14 14 14 14 14 14 14 14 17 17 29 29 41 41 48 48 51 0 0 0 0 0 0 0 0 0 0 0 0 0 0 0 0 0 0 0 0 0 0 0 0 0 0 0 0 0 0 0 0 0 0 0 0 0 0 48 47 47 46 46 42 42 36 36 33 33 32 32 32 32 32 32 32 32 32 32 32 32 33 33 34 34 34
13 13 13 12 12 12 12 12 12 13 13 14 14 14 14 14 14 14 14 14 14 16 16 28 28 41 41 46 46 49 0 0 0 0 0 0 0 0 0 0 0 0 0 0 0 0 0 0 0 0 0 0 0 0 0 0 0 0 0 0 0 0 0 0 0 0 43 45 45 45 45 43 43 40 40 36 36 33 33 32 32 32 32 32 32 32 32 32 32 32 32 33 33 34 34 34
13 13 13 12 12 12 12 12 12 13 13 14 14 14 14 14 14 14 14 14 14 16 16 28 28 41 41 46 46 49 0 0 0 0 0 0 0 0 0 0 0 0 0 0 0 0 0 0 0 0 0 0 0 0 0 0 0 0 0 0 0 0 0 0 0 0 43 45 45 45 45 43 43 40 40 36 36 33 33 32 32 32 32 32 32 32 32 32 32 32 32 33 33 34 34 34
13 13 13 13 13 13 13 12 12 13 13 13 13 14 14 14 14 14 14 14 14 17 17 31 31 41 41 45 45 47 0 0 0 0 0 0 0 0 0 0 0 0 0 0 0 0 0 0 0 0 0 0 0 0 0 0 0 0 0 0 0 0 0 0 42 42 42 42 42 40 40 39 39 38 38 35 35 33 33 32 32 32 32 32 32 32 32 32 32 32 32 33 33 34 34 34
13 13 13 13 13 13 13 12 12 13 13 13 13 14 14 14 14 14 14 14 14 17 17 31 31 41 41 45 45 47 0 0 0 0 0 0 0 0 0 0 0 0 0 0 0 0 0 0 0 0 0 0 0 0 0 0 0 0 0 0 0 0 0 0 42 42 42 42 42 40 40 39 39 38 38 35 35 33 33 32 32 32 32 32 32 32 32 32 32 32 32 33 33 34 34 34
13 13 13 13 13 13 13 13 13 13 13 13 13 14 14 14 14 14 14 14 14 21 21 36 36 42 42 45 45 46 0 0 0 0 0 0 0 0 0 0 0 0 0 0 0 0 0 0 0 0 0 0 0 0 0 0 0 0 0 0 0 0 0 0 41 41 41 40 40 37 37 37 37 37 37 35 35 33 33 32 32 32 32 32 32 32 32 32 32 32 32 33 33 34 34 34
13 13 13 13 13 13 13 13 13 13 13 13 13 14 14 14 14 14 14 14 14 21 21 36 36 42 42 45 45 46 0 0 0 0 0 0 0 0 0 0 0 0 0 0 0 0 0 0 0 0 0 0 0 0 0 0 0 0 0 0 0 0 0 0 41 41 41 40 40 37 37 37 37 37 37 35 35 33 33 32 32 32 32 32 32 32 32 32 32 32 32 33 33 34 34 34
13 13 13 13 13 13 13 13 13 13 13 13 13 14 14 14 14 14 14 14 14 26 26 40 40 41 41 44 44 46 46 46 0 0 0 0 0 0 0 0 0 0 0 0 0 0 0 0 0 0 0 0 0 0 0 0 0 0 0 0 0 0 0 0 42 43 43 41 41 37 37 37 37 37 37 34 34 33 33 32 32 32 32 32 32 32 32 32 32 32 32 33 33 34 34 34
13 13 13 13 13 13 13 13 13 13 13 13 13 14 14 14 14 14 14 14 14 26 26 40 40 41 41 44 44 46 46 46 0 0 0 0 0 0 0 0 0 0 0 0 0 0 0 0 0 0 0 0 0 0 0 0 0 0 0 0 0 0 0 0 42 43 43 41 41 37 37 37 37 37 37 34 34 33 33 32 32 32 32 32 32 32 32 32 32 32 32 33 33 34 34 34
13 13 13 14 14 14 14 14 14 13 13 13 13 14 14 14 14 14 14 15 15 27 27 39 39 40 40 42 42 45 45 45 0 0 0 0 0 0 0 0 0 0 0 0 0 0 0 0 0 0 0 0 0 0 0 0 0 0 0 0 0 0 0 0 44 46 46 43 43 39 39 38 38 37 37 34 34 33 33 33 33 33 33 32 32 32 32 32 32 32 32 33 33 34 34 34
13 13 13 14 14 14 14 14 14 13 13 13 13 14 14 14 14 14 14 15 15 27 27 39 39 40 40 42 42 45 45 45 0 0 0 0 0 0 0 0 0 0 0 0 0 0 0 0 0 0 0 0 0 0 0 0 0 0 0 0 0 0 0 0 44 46 46 43 43 39 39 38 38 37 37 34 34 33 33 33 33 33 33 32 32 32 32 32 32 32 32 33 33 34 34 34
14 14 14 14 14 14 14 14 14 14 14 14 14 14 14 15 15 17 17 24 24 35 35 39 39 39 39 40 40 44 44 44 0 0 0 0 0 0 0 0 0 0 0 0 0 0 0 0 0 0 0 0 0 0 0 0 0 0 0 0 0 0 0 0 49 51 51 48 48 45 45 42 42 37 37 33 33 33 33 33 33 33 33 33 33 33 33 33 33 32 32 32 32 33 33 33
14 14 14 14 14 14 14 14 14 14 14 14 14 14 14 15 15 17 17 24 24 35 35 39 39 39 39 40 40 44 44 44 0 0 0 0 0 0 0 0 0 0 0 0 0 0 0 0 0 0 0 0 0 0 0 0 0 0 0 0 0 0 0 0 49 51 51 48 48 45 45 42 42 37 37 33 33 33 33 33 33 33 33 33 33 33 33 33 33 32 32 32 32 33 33 33
14 14 14 14 14 14 14 14 14 14 14 14 14 14 14 15 15 17 17 24 24 35 35 39 39 39 39 40 40 44 44 44 44 46 0 0 0 0 0 0 0 0 0 0 0 0 0 0 0 0 0 0 0 0 0 0 0 0 0 0 0 0 0 0 49 51 51 48 48 45 45 42 42 37 37 33 33 33 33 33 33 33 33 33 33 33 33 33 33 32 32 32 32 33 33 33
14 14 14 14 14 14 14 14 14 14 14 14 14 14 14 15 15 17 17 24 24 35 35 39 39 39 39 40 40 44 44 44 44 46 0 0 0 0 0 0 0 0 0 0 0 0 0 0 0 0 0 0 0 0 0 0 0 0 0 0 0 0 0 0 49 51 51 48 48 45 45 42 42 37 37 33 33 33 33 33 33 33 33 33 33 33 33 33 33 32 32 32 32 33 33 33
14 14 14 14 14 14 14 15 15 17 17 18 18 18 18 20 20 26 26 33 33 38 38 39 39 39 39 40 40 43 43 43 43 46 0 0 0 0 0 0 0 0 0 0 0 0 0 0 0 0 0 0 0 0 0 0 0 0 0 0 0 0 0 0 53 53 53 52 52 50 50 48 48 40 40 33 33 33 33 33 33 33 33 33 33 33 33 33 33 33 33 32 32 33 33 33
14 14 14 14 14 14 14 15 15 17 17 18 18 18 18 20 20 26 26 33 33 38 38 39 39 39 39 40 40 43 43 43 43 46 0 0 0 0 0 0 0 0 0 0 0 0 0 0 0 0 0 0 0 0 0 0 0 0 0 0 0 0 0 0 53 53 53 52 52 50 50 48 48 40 40 33 33 33 33 33 33 33 33 33 33 33 33 33 33 33 33 32 32 33 33 33
14 14 14 14 14 14 14 17 17 23 23 26 26 27 27 29 29 32 32 35 35 37 37 39 39 41 41 43 43 45 45 45 45 46 0 0 0 0 0 0 0 0 0 0 0 0 0 0 0 0 0 0 0 0 0 0 0 0 0 0 0 0 0 0 53 54 54 52 52 50 50 47 47 39 39 33 33 33 33 33 33 33 33 33 33 33 33 33 33 33 33 33 33 33 33 33
14 14 14 14 14 14 14 17 17 23 23 26 26 27 27 29 29 32 32 35 35 37 37 39 39 41 41 43 43 45 45 45 45 46 0 0 0 0 0 0 0 0 0 0 0 0 0 0 0 0 0 0 0 0 0 0 0 0 0 0 0 0 0 0 53 54 54 52 52 50 50 47 47 39 39 33 33 33 33 33 33 33 33 33 33 33 33 33 33 33 33 33 33 33 33 33
15 18 18 21 21 21 21 25 25 28 28 29 29 31 31 33 33 33 33 34 34 36 36 41 41 43 43 45 45 47 47 47 0 0 0 0 0 0 0 0 0 0 0 0 0 0 0 0 0 0 0 0 0 0 0 0 0 0 0 0 0 0 0 0 54 53 53 50 50 46 46 40 40 35 35 33 33 33 33 33 33 33 33 33 33 33 33 33 33 33 33 34 34 34 34 34
15 18 18 21 21 21 21 25 25 28 28 29 29 31 31 33 33 33 33 34 34 36 36 41 41 43 43 45 45 47 47 47 0 0 0 0 0 0 0 0 0 0 0 0 0 0 0 0 0 0 0 0 0 0 0 0 0 0 0 0 0 0 0 0 54 53 53 50 50 46 46 40 40 35 35 33 33 33 33 33 33 33 33 33 33 33 33 33 33 33 33 34 34 34 34 34
23 28 28 30 30 30 30 30 30 31 31 33 33 38 38 41 41 38 38 36 36 38 38 42 42 44 44 45 45 47 47 47 0 0 0 0 0 0 0 0 0 0 0 0 0 0 0 0 0 0 0 0 0 0 0 0 0 0 0 0 0 0 53 54 54 52 52 45 45 39 39 35 35 33 33 33 33 33 33 33 33 33 33 33 33 33 33 33 33 34 34 34 34 34 34 34
23 28 28 30 30 30 30 30 30 31 31 33 33 38 38 41 41 38 38 36 36 38 38 42 42 44 44 45 45 47 47 47 0 0 0 0 0 0 0 0 0 0 0 0 0 0 0 0 0 0 0 0 0 0 0 0 0 0 0 0 0 0 53 54 54 52 52 45 45 39 39 35 35 33 33 33 33 33 33 33 33 33 33 33 33 33 33 33 33 34 34 34 34 34 34 34
31 32 32 32 32 32 32 34 34 35 35 38 38 43 43 45 45 45 45 42 42 41 41 42 42 43 43 45 45 48 48 48 0 0 0 0 0 0 0 0 0 0 0 0 0 0 0 0 0 0 0 0 0 0 0 0 0 0 0 0 0 0 0 0 53 52 52 43 43 36 36 34 34 33 33 33 33 33 33 33 33 33 33 33 33 33 33 34 34 34 34 34 34 34 34 34
31 32 32 32 32 32 32 34 34 35 35 38 38 43 43 45 45 45 45 42 42 41 41 42 42 43 43 45 45 48 48 48 0 0 0 0 0 0 0 0 0 0 0 0 0 0 0 0 0 0 0 0 0 0 0 0 0 0 0 0 0 0 0 0 53 52 52 43 43 36 36 34 34 33 33 33 33 33 33 33 33 33 33 33 33 33 33 34 34 34 34 34 34 34 34 34
33 34 34 36 36 36 36 40 40 40 40 41 41 44 44 47 47 48 48 49 49 47 47 44 44 43 43 45 45 48 48 48 48 50 0 0 0 0 0 0 0 0 0 0 0 0 0 0 0 0 0 0 0 0 0 0 0 0 0 0 0 0 0 0 0 0 0 0 0 0 0 0 0 0 0 0 0 0 0 0 0 0 0 0 33 33 33 34 34 34 34 34 34 34 34 34
33 34 34 36 36 36 36 40 40 40 40 41 41 44 44 47 47 48 48 49 49 47 47 44 44 43 43 45 45 48 48 48 48 50 0 0 0 0 0 0 0 0 0 0 0 0 0 0 0 0 0 0 0 0 0 0 0 0 0 0 0 0 0 0 0 0 0 0 0 0 0 0 0 0 0 0 0 0 0 0 0 0 0 0 33 33 33 34 34 34 34 34 34 34 34 34
34 36 36 40 40 40 40 43 43 42 42 43 43 46 46 50 50 52 52 53 53 51 51 47 47 44 44 46 46 49 49 49 49 50 0 0 0 0 0 0 0 0 0 0 0 0 0 0 0 0 0 0 0 0 0 0 0 0 0 0 0 0 0 0 0 0 0 0 0 0 0 0 0 0 0 0 0 0 0 0 0 0 0 0 33 33 33 34 34 34 34 34 34 34 34 34
34 36 36 40 40 40 40 43 43 42 42 43 43 46 46 50 50 52 52 53 53 51 51 47 47 44 44 46 46 49 49 49 49 50 0 0 0 0 0 0 0 0 0 0 0 0 0 0 0 0 0 0 0 0 0 0 0 0 0 0 0 0 0 0 0 0 0 0 0 0 0 0 0 0 0 0 0 0 0 0 0 0 0 0 33 33 33 34 34 34 34 34 34 34 34 34
35 37 37 42 42 42 42 43 43 44 44 45 45 49 49 53 53 55 55 55 55 53 53 50 50 46 46 46 46 49 0 0 0 0 0 0 0 0 0 0 0 0 0 0 0 0 0 0 0 0 0 0 0 0 0 0 0 0 0 0 0 0 0 0 0 0 0 0 0 0 0 0 0 0 0 0 0 0 0 0 0 0 0 0 33 33 33 34 34 34 34 34 34 34 34 34
35 37 37 42 42 42 42 43 43 44 44 45 45 49 49 53 53 55 55 55 55 53 53 50 50 46 46 46 46 49 0 0 0 0 0 0 0 0 0 0 0 0 0 0 0 0 0 0 0 0 0 0 0 0 0 0 0 0 0 0 0 0 0 0 0 0 0 0 0 0 0 0 0 0 0 0 0 0 0 0 0 0 0 0 33 33 33 34 34 34 34 34 34 34 34 34
34 38 38 43 43 43 43 44 44 45 0 0 0 0 0 0 0 0 0 0 0 0 0 0 0 0 0 0 0 0 0 0 0 0 0 0 0 0 0 0 0 0 0 0 0 0 0 0 0 0 0 0 0 0 0 0 0 0 0 0 0 0 0 0 0 0 0 0 0 0 0 0 0 0 0 0 0 0 0 0 0 0 0 0 34 34 34 34 34 34 34 34 34 34 34 34
34 38 38 43 43 43 43 44 44 45 0 0 0 0 0 0 0 0 0 0 0 0 0 0 0 0 0 0 0 0 0 0 0 0 0 0 0 0 0 0 0 0 0 0 0 0 0 0 0 0 0 0 0 0 0 0 0 0 0 0 0 0 0 0 0 0 0 0 0 0 0 0 0 0 0 0 0 0 0 0 0 0 0 0 34 34 34 34 34 34 34 34 34 34 34 34
33 39 39 43 43 43 0 0 0 0 0 0 0 0 0 0 0 0 0 0 0 0 0 0 0 0 0 0 0 0 0 0 0 0 0 0 0 0 0 0 0 0 0 0 0 0 0 0 0 0 0 0 0 0 0 0 0 0 0 0 0 0 0 0 0 0 0 0 0 0 0 0 0 0 0 0 0 0 0 0 0 0 0 0 34 34 34 34 34 34 34 34 34 34 34 34
33 39 39 43 43 43 0 0 0 0 0 0 0 0 0 0 0 0 0 0 0 0 0 0 0 0 0 0 0 0 0 0 0 0 0 0 0 0 0 0 0 0 0 0 0 0 0 0 0 0 0 0 0 0 0 0 0 0 0 0 0 0 0 0 0 0 0 0 0 0 0 0 0 0 0 0 0 0 0 0 0 0 0 0 34 34 34 34 34 34 34 34 34 34 34 34
32 38 38 43 43 43 0 0 0 0 0 0 0 0 0 0 0 0 0 0 0 0 0 0 0 0 0 0 0 0 0 0 0 0 0 0 0 0 0 0 0 0 0 0 0 0 0 0 0 0 0 0 0 0 0 0 0 0 0 0 0 0 0 0 0 0 0 0 0 0 0 0 0 0 0 0 0 0 0 0 0 0 0 0 34 34 34 34 34 34 34 34 34 34 34 34
32 38 38 43 43 43 0 0 0 0 0 0 0 0 0 0 0 0 0 0 0 0 0 0 0 0 0 0 0 0 0 0 0 0 0 0 0 0 0 0 0 0 0 0 0 0 0 0 0 0 0 0 0 0 0 0 0 0 0 0 0 0 0 0 0 0 0 0 0 0 0 0 0 0 0 0 0 0 0 0 0 0 0 0 34 34 34 34 34 34 34 34 34 34 34 34
32 38 38 43 0 0 0 0 0 0 0 0 0 0 0 0 0 0 0 0 0 0 0 0 0 0 0 0 0 0 0 0 0 0 0 0 0 0 0 0 0 0 0 0 0 0 0 0 0 0 0 0 0 0 0 0 0 0 0 0 0 0 0 0 0 0 0 0 0 0 0 0 0 0 0 0 0 0 0 0 0 0 0 0 34 34 34 34 34 34 34 34 34 34 34 34
32 38 38 43 0 0 0 0 0 0 0 0 0 0 0 0 0 0 0 0 0 0 0 0 0 0 0 0 0 0 0 0 0 0 0 0 0 0 0 0 0 0 0 0 0 0 0 0 0 0 0 0 0 0 0 0 0 0 0 0 0 0 0 0 0 0 0 0 0 0 0 0 0 0 0 0 0 0 0 0 0 0 0 0 34 34 34 34 34 34 34 34 34 34 34 34
30 37 37 41 0 0 0 0 0 0 0 0 0 0 0 0 0 0 0 0 0 0 0 0 0 0 0 0 0 0 0 0 0 0 0 0 0 0 0 0 0 0 0 0 0 0 0 0 0 0 0 0 0 0 0 0 0 0 0 0 0 0 0 0 0 0 0 0 0 0 0 0 0 0 0 0 0 0 0 0 0 0 0 0 34 34 34 34 34 34 34 34 34 34 34 34
30 37 37 41 0 0 0 0 0 0 0 0 0 0 0 0 0 0 0 0 0 0 0 0 0 0 0 0 0 0 0 0 0 0 0 0 0 0 0 0 0 0 0 0 0 0 0 0 0 0 0 0 0 0 0 0 0 0 0 0 0 0 0 0 0 0 0 0 0 0 0 0 0 0 0 0 0 0 0 0 0 0 0 0 34 34 34 34 34 34 34 34 34 34 34 34
