1_GisToSWMM/GisToSWMM_input/demnull.asc
ncols         514
nrows         646
xllcorner     12709706.8597
yllcorner     2548870.9827
cellsize      2.5
NODATA_value  0
[rows 290 to 347 of 646, columns 192 to 287 of 514]
16 16 16 17 17 20 20 25 25 25 25 26 26 27 27 27 27 28 28 28 28 28 28 26 26 24 24 22 22 21 21 21 21 21 21 21 21 21 21 21 21 21 21 21 21 21 21 21 21 21 21 21 21 21 21 21 21 21 21 21 21 21 21 21 21 21 21 21 21 21 21 21 21 21 21 23 23 27 27 34 34 38 38 38 38 37 37 34 34 32 32 32 32 32 32 32
16 16 16 17 17 20 20 25 25 25 25 26 26 27 27 27 27 28 28 28 28 28 28 26 26 24 24 22 22 21 21 21 21 21 21 21 21 21 21 21 21 21 21 21 21 21 21 21 21 21 21 21 21 21 21 21 21 21 21 21 21 21 21 21 21 21 21 21 21 21 21 21 21 21 21 23 23 27 27 34 34 38 38 38 38 37 37 34 34 32 32 32 32 32 32 32
16 16 16 16 16 17 17 19 19 19 19 20 20 22 22 22 22 24 24 25 25 25 25 23 23 22 22 21 21 21 21 21 21 21 21 21 21 21 21 21 21 21 21 21 21 21 21 21 21 21 21 21 21 21 21 21 21 21 21 21 21 21 21 21 21 21 21 21 21 21 21 21 21 21 21 21 21 22 22 29 29 38 38 38 38 37 37 35 35 32 32 31 31 32 32 32
16 16 16 16 16 17 17 19 19 19 19 20 20 22 22 22 22 24 24 25 25 25 25 23 23 22 22 21 21 21 21 21 21 21 21 21 21 21 21 21 21 21 21 21 21 21 21 21 21 21 21 21 21 21 21 21 21 21 21 21 21 21 21 21 21 21 21 21 21 21 21 21 21 21 21 21 21 22 22 29 29 38 38 38 38 37 37 35 35 32 32 31 31 32 32 32
17 16 16 17 17 17 17 18 18 18 18 19 19 20 20 20 20 21 21 22 22 22 22 21 21 21 21 21 21 21 21 21 21 21 21 21 21 21 21 21 21 21 21 21 21 21 21 21 21 21 21 21 21 21 21 21 21 21 21 21 21 21 21 21 21 21 21 21 21 21 21 21 21 21 21 21 21 21 21 30 30 38 38 39 39 39 39 37 37 33 33 31 31 31 31 32
17 16 16 17 17 17 17 18 18 18 18 19 19 20 20 20 20 21 21 22 22 22 22 21 21 21 21 21 21 21 21 21 21 21 21 21 21 21 21 21 21 21 21 21 21 21 21 21 21 21 21 21 21 21 21 21 21 21 21 21 21 21 21 21 21 21 21 21 21 21 21 21 21 21 21 21 21 21 21 30 30 38 38 39 39 39 39 37 37 33 33 31 31 31 31 32
17 17 17 17 17 18 18 18 18 19 19 20 20 20 20 20 20 21 21 21 21 21 21 21 21 21 21 21 21 21 21 21 21 21 21 21 21 21 21 21 21 21 21 21 21 21 21 21 21 21 21 21 21 21 21 21 21 21 21 21 21 21 21 21 21 21 21 21 21 21 21 21 21 21 21 21 21 21 21 28 28 36 36 37 37 40 40 39 39 34 34 31 31 31 31 31
17 17 17 17 17 18 18 18 18 19 19 20 20 20 20 20 20 21 21 21 21 21 21 21 21 21 21 21 21 21 21 21 21 21 21 21 21 21 21 21 21 21 21 21 21 21 21 21 21 21 21 21 21 21 21 21 21 21 21 21 21 21 21 21 21 21 21 21 21 21 21 21 21 21 21 21 21 21 21 28 28 36 36 37 37 40 40 39 39 34 34 31 31 31 31 31
18 18 18 18 18 18 18 19 19 20 20 20 20 21 21 21 21 21 21 21 21 21 21 21 21 21 21 21 21 21 21 21 21 21 21 21 21 21 21 21 21 21 21 21 21 21 21 21 21 21 21 21 21 21 21 21 21 21 21 21 21 21 21 21 21 21 21 21 21 21 21 21 21 21 21 21 21 21 21 24 24 34 34 38 38 39 39 38 38 35 35 32 32 30 30 30
18 18 18 18 18 18 18 19 19 20 20 20 20 21 21 21 21 21 21 21 21 21 21 21 21 21 21 21 21 21 21 21 21 21 21 21 21 21 21 21 21 21 21 21 21 21 21 21 21 21 21 21 21 21 21 21 21 21 21 21 21 21 21 21 21 21 21 21 21 21 21 21 21 21 21 21 21 21 21 24 24 34 34 38 38 39 39 38 38 35 35 32 32 30 30 30
19 19 19 19 19 19 19 19 19 20 20 20 20 20 20 20 20 21 21 21 21 21 21 21 21 21 21 21 21 21 21 21 21 21 21 21 21 21 21 21 21 21 21 21 21 21 21 21 21 21 21 21 21 21 21 21 21 21 21 21 21 21 21 21 21 21 21 21 21 21 21 21 21 21 21 21 21 22 22 24 24 35 35 40 40 40 40 38 38 35 35 32 32 30 30 30
19 19 19 19 19 19 19 19 19 20 20 20 20 20 20 20 20 21 21 21 21 21 21 21 21 21 21 21 21 21 21 21 21 21 21 21 21 21 21 21 21 21 21 21 21 21 21 21 21 21 21 21 21 21 21 21 21 21 21 21 21 21 21 21 21 21 21 21 21 21 21 21 21 21 21 21 21 22 22 24 24 35 35 40 40 40 40 38 38 35 35 32 32 30 30 30
19 19 19 19 19 20 20 20 20 20 20 20 20 20 20 20 20 21 21 21 21 21 21 21 21 21 21 21 21 21 21 21 21 21 21 21 21 21 21 21 21 21 21 21 21 21 21 21 21 21 21 21 21 21 21 21 21 21 21 21 21 21 21 21 21 21 21 21 21 21 21 21 21 21 21 21 21 22 22 26 26 36 36 40 40 41 41 39 39 36 36 33 33 31 31 30
19 19 19 19 19 20 20 20 20 20 20 20 20 20 20 20 20 21 21 21 21 21 21 21 21 21 21 21 21 21 21 21 21 21 21 21 21 21 21 21 21 21 21 21 21 21 21 21 21 21 21 21 21 21 21 21 21 21 21 21 21 21 21 21 21 21 21 21 21 21 21 21 21 21 21 21 21 22 22 26 26 36 36 40 40 41 41 39 39 36 36 33 33 31 31 30
19 19 19 19 19 20 20 20 20 20 20 20 20 21 21 21 21 21 21 21 21 21 21 21 21 21 21 21 21 21 21 21 21 21 21 21 21 21 21 21 21 21 21 21 21 21 21 21 21 21 21 21 21 21 21 21 21 21 21 21 21 21 21 21 21 21 21 21 21 21 21 21 21 21 21 21 21 22 22 25 25 33 33 38 38 40 40 39 39 37 37 33 33 31 31 30
19 19 19 19 19 20 20 20 20 20 20 20 20 21 21 21 21 21 21 21 21 21 21 21 21 21 21 21 21 21 21 21 21 21 21 21 21 21 21 21 21 21 21 21 21 21 21 21 21 21 21 21 21 21 21 21 21 21 21 21 21 21 21 21 21 21 21 21 21 21 21 21 21 21 21 21 21 22 22 25 25 33 33 38 38 40 40 39 39 37 37 33 33 31 31 30
19 19 19 19 19 20 20 20 20 20 20 20 20 21 21 21 21 21 21 21 21 22 22 22 22 21 21 21 21 21 21 21 21 21 21 21 21 21 21 21 21 21 21 21 21 21 21 21 21 21 21 21 21 21 21 21 21 21 21 21 21 21 21 21 21 21 21 21 21 21 21 21 21 21 21 21 21 22 22 24 24 27 27 32 32 38 38 39 39 37 37 34 34 31 31 29
19 19 19 19 19 20 20 20 20 20 20 20 20 21 21 21 21 21 21 21 21 22 22 22 22 21 21 21 21 21 21 21 21 21 21 21 21 21 21 21 21 21 21 21 21 21 21 21 21 21 21 21 21 21 21 21 21 21 21 21 21 21 21 21 21 21 21 21 21 21 21 21 21 21 21 21 21 22 22 24 24 27 27 32 32 38 38 39 39 37 37 34 34 31 31 29
20 20 20 20 20 20 20 20 20 20 20 21 21 21 21 21 21 21 21 21 21 22 22 22 22 22 22 22 22 22 22 22 22 22 22 22 22 22 22 21 21 21 21 21 21 21 21 21 21 21 21 21 21 21 21 21 21 21 21 21 21 21 21 21 21 21 21 21 21 21 21 21 21 21 21 22 22 22 22 22 22 22 22 26 26 34 34 37 37 38 38 36 36 31 31 29
20 20 20 20 20 20 20 20 20 20 20 21 21 21 21 21 21 21 21 21 21 22 22 22 22 22 22 22 22 22 22 22 22 22 22 22 22 22 22 21 21 21 21 21 21 21 21 21 21 21 21 21 21 21 21 21 21 21 21 21 21 21 21 21 21 21 21 21 21 21 21 21 21 21 21 22 22 22 22 22 22 22 22 26 26 34 34 37 37 38 38 36 36 31 31 29
20 20 20 20 20 20 20 20 20 20 20 21 21 21 21 21 21 21 21 21 21 22 22 22 22 22 22 22 22 22 22 22 22 22 22 22 22 22 22 21 21 21 21 21 21 21 21 21 21 21 21 21 21 21 21 21 21 21 21 21 21 21 21 21 21 21 21 21 21 21 21 21 21 21 21 22 22 22 22 22 22 22 22 26 26 34 34 37 37 38 38 36 36 31 31 29
20 20 20 20 20 20 20 20 20 20 20 21 21 21 21 21 21 21 21 21 21 22 22 22 22 22 22 22 22 22 22 22 22 22 22 22 22 22 22 21 21 21 21 21 21 21 21 21 21 21 21 21 21 21 21 21 21 21 21 21 21 21 21 21 21 21 21 21 21 21 21 21 21 21 21 22 22 22 22 22 22 22 22 26 26 34 34 37 37 38 38 36 36 31 31 29
20 20 20 20 20 20 20 20 20 20 20 21 21 21 21 21 21 21 21 22 22 22 22 22 22 23 23 23 23 23 23 23 23 23 23 23 23 23 23 21 21 21 21 21 21 21 21 21 21 21 21 21 21 21 21 21 21 21 21 21 21 21 21 21 21 21 21 21 21 21 21 21 21 21 21 22 22 22 22 22 22 22 22 23 23 30 30 35 35 37 37 36 36 33 33 29
20 20 20 20 20 20 20 20 20 20 20 21 21 21 21 21 21 21 21 22 22 22 22 22 22 23 23 23 23 23 23 23 23 23 23 23 23 23 23 21 21 21 21 21 21 21 21 21 21 21 21 21 21 21 21 21 21 21 21 21 21 21 21 21 21 21 21 21 21 21 21 21 21 21 21 22 22 22 22 22 22 22 22 23 23 30 30 35 35 37 37 36 36 33 33 29
20 20 20 20 20 20 20 20 20 21 21 21 21 21 21 21 21 21 21 22 22 22 22 22 22 23 23 23 23 23 23 23 23 24 24 24 24 24 24 23 23 21 21 21 21 21 21 21 21 21 21 21 21 21 21 21 21 21 21 21 21 21 21 21 21 21 21 21 21 21 21 21 21 21 21 22 22 22 22 22 22 22 22 22 22 24 24 31 31 35 35 36 36 35 35 31
20 20 20 20 20 20 20 20 20 21 21 21 21 21 21 21 21 21 21 22 22 22 22 22 22 23 23 23 23 23 23 23 23 24 24 24 24 24 24 23 23 21 21 21 21 21 21 21 21 21 21 21 21 21 21 21 21 21 21 21 21 21 21 21 21 21 21 21 21 21 21 21 21 21 21 22 22 22 22 22 22 22 22 22 22 24 24 31 31 35 35 36 36 35 35 31
20 20 20 20 20 20 20 20 20 20 20 21 21 21 21 21 21 21 21 21 21 22 22 22 22 23 23 23 23 23 23 24 24 24 24 24 24 24 24 24 24 23 23 23 23 22 22 21 21 21 21 21 21 21 21 21 21 21 21 21 21 21 21 21 21 21 21 21 21 21 21 21 21 21 21 22 22 22 22 22 22 22 22 22 22 22 22 26 26 34 34 36 36 35 35 33
20 20 20 20 20 20 20 20 20 20 20 21 21 21 21 21 21 21 21 21 21 22 22 22 22 23 23 23 23 23 23 24 24 24 24 24 24 24 24 24 24 23 23 23 23 22 22 21 21 21 21 21 21 21 21 21 21 21 21 21 21 21 21 21 21 21 21 21 21 21 21 21 21 21 21 22 22 22 22 22 22 22 22 22 22 22 22 26 26 34 34 36 36 35 35 33
20 20 20 20 20 20 20 20 20 20 20 20 20 20 20 20 20 20 20 21 21 21 21 21 21 22 22 23 23 24 24 24 24 24 24 24 24 24 24 24 24 24 24 24 24 24 24 23 23 22 22 21 21 21 21 21 21 21 21 21 21 21 21 21 21 21 21 22 22 22 22 21 21 21 21 22 22 22 22 22 22 22 22 22 22 22 22 26 26 34 34 36 36 36 36 35
20 20 20 20 20 20 20 20 20 20 20 20 20 20 20 20 20 20 20 21 21 21 21 21 21 22 22 23 23 24 24 24 24 24 24 24 24 24 24 24 24 24 24 24 24 24 24 23 23 22 22 21 21 21 21 21 21 21 21 21 21 21 21 21 21 21 21 22 22 22 22 21 21 21 21 22 22 22 22 22 22 22 22 22 22 22 22 26 26 34 34 36 36 36 36 35
20 20 20 20 20 20 20 20 20 20 20 20 20 20 20 20 20 20 20 20 20 20 20 20 20 21 21 22 22 23 23 24 24 24 24 24 24 24 24 24 24 24 24 24 24 24 24 24 24 24 24 24 24 23 23 23 23 23 23 23 23 22 22 22 22 22 22 22 22 22 22 22 22 22 22 22 22 22 22 22 22 22 22 22 22 22 22 28 28 36 36 37 37 36 36 35
20 20 20 20 20 20 20 20 20 20 20 20 20 20 20 20 20 20 20 20 20 20 20 20 20 21 21 22 22 23 23 24 24 24 24 24 24 24 24 24 24 24 24 24 24 24 24 24 24 24 24 24 24 23 23 23 23 23 23 23 23 22 22 22 22 22 22 22 22 22 22 22 22 22 22 22 22 22 22 22 22 22 22 22 22 22 22 28 28 36 36 37 37 36 36 35
21 20 20 20 20 20 20 20 20 20 20 20 20 20 20 20 20 20 20 20 20 20 20 20 20 21 21 21 21 22 22 22 22 23 23 23 23 24 24 24 24 24 24 24 24 24 24 24 24 24 24 24 24 24 24 24 24 24 24 24 24 23 23 23 23 23 23 22 22 22 22 22 22 22 22 22 22 22 22 22 22 22 22 23 23 26 26 32 32 37 37 37 37 36 36 34
21 20 20 20 20 20 20 20 20 20 20 20 20 20 20 20 20 20 20 20 20 20 20 20 20 21 21 21 21 22 22 22 22 23 23 23 23 24 24 24 24 24 24 24 24 24 24 24 24 24 24 24 24 24 24 24 24 24 24 24 24 23 23 23 23 23 23 22 22 22 22 22 22 22 22 22 22 22 22 22 22 22 22 23 23 26 26 32 32 37 37 37 37 36 36 34
21 20 20 20 20 20 20 20 20 20 20 20 20 20 20 20 20 20 20 20 20 20 20 20 20 20 20 21 21 20 20 20 20 20 20 20 20 21 21 23 23 23 23 23 23 24 24 24 24 24 24 24 24 24 24 24 24 24 24 24 24 23 23 23 23 23 23 22 22 22 22 22 22 22 22 22 22 22 22 22 22 24 24 26 26 29 29 33 33 35 35 36 36 36 36 33
21 20 20 20 20 20 20 20 20 20 20 20 20 20 20 20 20 20 20 20 20 20 20 20 20 20 20 21 21 20 20 20 20 20 20 20 20 21 21 23 23 23 23 23 23 24 24 24 24 24 24 24 24 24 24 24 24 24 24 24 24 23 23 23 23 23 23 22 22 22 22 22 22 22 22 22 22 22 22 22 22 24 24 26 26 29 29 33 33 35 35 36 36 36 36 33
27 21 21 20 20 20 20 20 20 20 20 20 20 20 20 20 20 20 20 20 20 20 20 20 20 20 20 20 20 20 20 20 20 20 20 20 20 20 20 20 20 21 21 21 21 22 22 23 23 24 24 24 24 24 24 24 24 24 24 24 24 23 23 23 23 23 23 22 22 22 22 22 22 22 22 22 22 22 22 23 23 25 25 30 30 31 31 28 28 30 30 36 36 37 37 34
27 21 21 20 20 20 20 20 20 20 20 20 20 20 20 20 20 20 20 20 20 20 20 20 20 20 20 20 20 20 20 20 20 20 20 20 20 20 20 20 20 21 21 21 21 22 22 23 23 24 24 24 24 24 24 24 24 24 24 24 24 23 23 23 23 23 23 22 22 22 22 22 22 22 22 22 22 22 22 23 23 25 25 30 30 31 31 28 28 30 30 36 36 37 37 34
40 28 28 23 23 21 21 21 21 20 20 20 20 20 20 20 20 20 20 20 20 21 21 21 21 20 20 20 20 20 20 20 20 20 20 20 20 20 20 20 20 20 20 20 20 20 20 21 21 23 23 24 24 24 24 24 24 24 24 23 23 23 23 23 23 23 23 22 22 22 22 22 22 22 22 22 22 22 22 22 22 24 24 28 28 27 27 24 24 27 27 35 35 37 37 35
40 28 28 23 23 21 21 21 21 20 20 20 20 20 20 20 20 20 20 20 20 21 21 21 21 20 20 20 20 20 20 20 20 20 20 20 20 20 20 20 20 20 20 20 20 20 20 21 21 23 23 24 24 24 24 24 24 24 24 23 23 23 23 23 23 23 23 22 22 22 22 22 22 22 22 22 22 22 22 22 22 24 24 28 28 27 27 24 24 27 27 35 35 37 37 35
43 37 37 35 35 32 32 26 26 22 22 21 21 20 20 20 20 20 20 21 21 24 24 25 25 23 23 21 21 20 20 20 20 20 20 20 20 20 20 20 20 20 20 20 20 20 20 20 20 21 21 23 23 24 24 23 23 23 23 23 23 23 23 23 23 22 22 22 22 22 22 22 22 22 22 22 22 22 22 22 22 23 23 24 24 23 23 23 23 25 25 28 28 31 31 32
43 37 37 35 35 32 32 26 26 22 22 21 21 20 20 20 20 20 20 21 21 24 24 25 25 23 23 21 21 20 20 20 20 20 20 20 20 20 20 20 20 20 20 20 20 20 20 20 20 21 21 23 23 24 24 23 23 23 23 23 23 23 23 23 23 22 22 22 22 22 22 22 22 22 22 22 22 22 22 22 22 23 23 24 24 23 23 23 23 25 25 28 28 31 31 32
43 42 42 42 42 41 41 39 39 34 34 27 27 22 22 22 22 21 21 26 26 32 32 31 31 26 26 22 22 20 20 20 20 20 20 20 20 20 20 20 20 20 20 20 20 20 20 20 20 20 20 21 21 22 22 23 23 23 23 23 23 23 23 22 22 22 22 22 22 22 22 22 22 22 22 22 22 22 22 22 22 22 22 22 22 22 22 23 23 24 24 24 24 26 26 26
43 42 42 42 42 41 41 39 39 34 34 27 27 22 22 22 22 21 21 26 26 32 32 31 31 26 26 22 22 20 20 20 20 20 20 20 20 20 20 20 20 20 20 20 20 20 20 20 20 20 20 21 21 22 22 23 23 23 23 23 23 23 23 22 22 22 22 22 22 22 22 22 22 22 22 22 22 22 22 22 22 22 22 22 22 22 22 23 23 24 24 24 24 26 26 26
42 42 42 42 42 42 42 42 42 42 42 40 40 34 34 34 34 29 29 33 33 37 37 35 35 28 28 22 22 21 21 20 20 20 20 20 20 20 20 20 20 20 20 20 20 20 20 20 20 20 20 20 20 21 21 22 22 22 22 22 22 22 22 22 22 22 22 22 22 22 22 22 22 22 22 22 22 22 22 22 22 22 22 22 22 22 22 23 23 23 23 23 23 24 24 25
42 42 42 42 42 42 42 42 42 42 42 40 40 34 34 34 34 29 29 33 33 37 37 35 35 28 28 22 22 21 21 20 20 20 20 20 20 20 20 20 20 20 20 20 20 20 20 20 20 20 20 20 20 21 21 22 22 22 22 22 22 22 22 22 22 22 22 22 22 22 22 22 22 22 22 22 22 22 22 22 22 22 22 22 22 22 22 23 23 23 23 23 23 24 24 25
42 42 42 42 42 42 42 42 42 42 42 40 40 34 34 34 34 29 29 33 33 37 37 35 35 28 28 22 22 21 21 20 20 20 20 20 20 20 20 20 20 20 20 20 20 20 20 20 20 20 20 20 20 21 21 22 22 22 22 22 22 22 22 22 22 22 22 22 22 22 22 22 22 22 22 22 22 22 22 22 22 22 22 22 22 22 22 23 23 23 23 23 23 24 24 25
42 42 42 42 42 42 42 42 42 42 42 40 40 34 34 34 34 29 29 33 33 37 37 35 35 28 28 22 22 21 21 20 20 20 20 20 20 20 20 20 20 20 20 20 20 20 20 20 20 20 20 20 20 21 21 22 22 22 22 22 22 22 22 22 22 22 22 22 22 22 22 22 22 22 22 22 22 22 22 22 22 22 22 22 22 22 22 23 23 23 23 23 23 24 24 25
42 42 42 42 42 42 42 42 42 42 42 43 43 43 43 43 43 40 40 38 38 38 38 36 36 29 29 22 22 21 21 20 20 20 20 20 20 20 20 20 20 20 20 20 20 20 20 20 20 20 20 20 20 21 21 22 22 22 22 22 22 22 22 22 22 22 22 22 22 22 22 22 22 22 22 22 22 22 22 22 22 22 22 22 22 23 23 23 23 23 23 23 23 24 24 24
42 42 42 42 42 42 42 42 42 42 42 43 43 43 43 43 43 40 40 38 38 38 38 36 36 29 29 22 22 21 21 20 20 20 20 20 20 20 20 20 20 20 20 20 20 20 20 20 20 20 20 20 20 21 21 22 22 22 22 22 22 22 22 22 22 22 22 22 22 22 22 22 22 22 22 22 22 22 22 22 22 22 22 22 22 23 23 23 23 23 23 23 23 24 24 24
42 42 42 42 42 42 42 42 42 42 42 43 43 43 43 43 43 43 43 41 41 39 39 37 37 32 32 23 23 20 20 20 20 20 20 20 20 20 20 20 20 20 20 20 20 20 20 20 20 20 20 20 20 21 21 22 22 22 22 22 22 22 22 22 22 22 22 22 22 22 22 22 22 22 22 22 22 22 22 22 22 22 22 22 22 23 23 23 23 23 23 24 24 24 24 24
42 42 42 42 42 42 42 42 42 42 42 43 43 43 43 43 43 43 43 41 41 39 39 37 37 32 32 23 23 20 20 20 20 20 20 20 20 20 20 20 20 20 20 20 20 20 20 20 20 20 20 20 20 21 21 22 22 22 22 22 22 22 22 22 22 22 22 22 22 22 22 22 22 22 22 22 22 22 22 22 22 22 22 22 22 23 23 23 23 23 23 24 24 24 24 24
42 42 42 42 42 42 42 42 42 42 42 44 44 47 47 47 47 48 48 47 47 42 42 38 38 33 33 23 23 20 20 20 20 20 20 20 20 20 20 20 20 20 20 20 20 20 20 20 20 20 20 20 20 21 21 22 22 22 22 22 22 22 22 22 22 22 22 22 22 22 22 22 22 22 22 22 22 22 22 22 22 23 23 22 22 23 23 23 23 23 23 24 24 24 24 24
42 42 42 42 42 42 42 42 42 42 42 44 44 47 47 47 47 48 48 47 47 42 42 38 38 33 33 23 23 20 20 20 20 20 20 20 20 20 20 20 20 20 20 20 20 20 20 20 20 20 20 20 20 21 21 22 22 22 22 22 22 22 22 22 22 22 22 22 22 22 22 22 22 22 22 22 22 22 22 22 22 23 23 22 22 23 23 23 23 23 23 24 24 24 24 24
42 42 42 42 42 42 42 42 42 43 43 48 48 52 52 52 52 52 52 52 52 48 48 39 39 30 30 22 22 20 20 20 20 20 20 20 20 20 20 20 20 20 20 20 20 20 20 20 20 20 20 21 21 22 22 22 22 22 22 22 22 22 22 22 22 22 22 22 22 22 22 22 22 22 22 22 22 22 22 23 23 23 23 23 23 23 23 23 23 23 23 24 24 24 24 24
42 42 42 42 42 42 42 42 42 43 43 48 48 52 52 52 52 52 52 52 52 48 48 39 39 30 30 22 22 20 20 20 20 20 20 20 20 20 20 20 20 20 20 20 20 20 20 20 20 20 20 21 21 22 22 22 22 22 22 22 22 22 22 22 22 22 22 22 22 22 22 22 22 22 22 22 22 22 22 23 23 23 23 23 23 23 23 23 23 23 23 24 24 24 24 24
42 42 42 42 42 42 42 43 43 45 45 49 49 53 53 53 53 54 54 53 53 49 49 39 39 28 28 21 21 20 20 20 20 20 20 20 20 20 20 20 20 20 20 20 20 20 20 20 20 21 21 21 21 21 21 21 21 22 22 22 22 22 22 22 22 22 22 22 22 22 22 22 22 22 22 22 22 23 23 23 23 23 23 23 23 23 23 23 23 24 24 24 24 25 25 25
42 42 42 42 42 42 42 43 43 45 45 49 49 53 53 53 53 54 54 53 53 49 49 39 39 28 28 21 21 20 20 20 20 20 20 20 20 20 20 20 20 20 20 20 20 20 20 20 20 21 21 21 21 21 21 21 21 22 22 22 22 22 22 22 22 22 22 22 22 22 22 22 22 22 22 22 22 23 23 23 23 23 23 23 23 23 23 23 23 24 24 24 24 25 25 25
